,condition,X_avg,X_std,n,rep1_idx,rep1_X,rep2_idx,rep2_X,rep3_idx,rep3_X,rep4_idx,rep4_X,rep5_idx,rep5_X,rep6_idx,rep6_X
0,amb__ctrl,-5.921189464667501e-16,0.3718975782794129,3.0,0.0,-0.4285567220012032,1.0,0.19056843162955414,2.0,0.2379882903716473,,,,,,
1,amb__amb,0.10890164258210937,0.5237800315658607,3.0,3.0,-0.40601557757951934,4.0,0.6411159873672236,5.0,0.0916045179586238,,,,,,
2,ave1__ctrl_5m,-4.440892098500626e-16,1.5221650773238637,2.0,6.0,1.076333248261049,13.0,-1.07633324826105,,,,,,,,
3,ave1__vdave1_5m,-0.362957131150099,0.47401408936837724,2.0,7.0,-0.027778554179753282,14.0,-0.6981357081204447,,,,,,,,
4,ave1__ctrl_20m,-1.1752207124189071,0.2691099331083544,2.0,8.0,-1.3655101710044828,15.0,-0.9849312538333316,,,,,,,,
5,ave1__vdave1_20m,-0.959874146968315,0.43924697495452947,2.0,9.0,-1.2704686615743404,16.0,-0.6492796323622896,,,,,,,,
6,ave1__supernatant_5m,0.39391312535894496,1.3056435031462965,2.0,10.0,-0.5293162495279606,17.0,1.3171425002458506,,,,,,,,
7,ave1__vnave1_20m,-0.9137158653264419,0.2937733117472252,2.0,11.0,-1.1214449661945345,18.0,-0.7059867644583493,,,,,,,,
8,ave1__supernatant_20m,-0.9793593165877477,0.07430679378506069,2.0,12.0,-0.9268164788141008,19.0,-1.0319021543613944,,,,,,,,
9,biofilm_time__8h,4.40619762898109e-16,0.07069137524504875,4.0,20.0,-0.10181812270849556,21.0,0.008506223302388705,22.0,0.05663017573740525,23.0,0.03668172366870337,,,,
10,biofilm_time__12h,0.2062173102305418,0.3396148275140868,4.0,24.0,0.6678090368232272,25.0,0.2360976172155258,26.0,0.03558974337728493,27.0,-0.1146271564938708,,,,
11,biofilm_time__16h,-0.4653816503113817,0.28447607768660427,4.0,28.0,-0.6322091196183139,29.0,-0.7692712269357145,30.0,-0.15317142480616752,31.0,-0.3068748298853308,,,,
12,biofilm_time__20h,-3.0191700475005976,0.6324897695572655,4.0,32.0,-2.6661612136298607,33.0,-3.7469001323115183,34.0,-2.3441027454814587,35.0,-3.319516098579552,,,,
13,biofilm_time__24h,-3.2520977964153133,0.33466945927064307,4.0,36.0,-3.0443335847154662,37.0,-2.8905280515422715,38.0,-3.5413318186706637,39.0,-3.532197730732853,,,,
14,biofilm_time__28h,-2.099941890957794,0.9290815644903864,4.0,40.0,-1.0640349343619473,41.0,-1.8236419339689436,42.0,-3.294185329280164,43.0,-2.21790536622012,,,,
15,biofilm_time__32h,-2.1066614675930238,0.6762839863785635,4.0,44.0,-3.0339216261774533,45.0,-1.9754325717225372,46.0,-1.4101372264122674,47.0,-2.007154446059836,,,,
16,codY__wt,0.0,0.37197424178558774,2.0,48.0,0.26302550879331354,49.0,-0.26302550879331354,,,,,,,,
17,codY__ctrl,1.2080465233639763,0.7524848263493576,2.0,50.0,1.7401336468155888,51.0,0.6759593999123639,,,,,,,,
18,codY__codYR61K,0.8255965006906352,0.04289619500295151,2.0,52.0,0.8559286910643227,53.0,0.7952643103169477,,,,,,,,
19,codY__codYR61H,0.9831928127647972,0.6144305145987031,2.0,54.0,1.4176607962054801,55.0,0.5487248293241143,,,,,,,,
20,codY__codYF71Y,0.46317155575069413,0.48802824286747065,2.0,56.0,0.11808347580855028,57.0,0.808259635692838,,,,,,,,
21,decay__wt,5.898059818321144e-16,0.0777253211766516,3.0,58.0,0.062295919833504236,59.0,-0.08710007632968875,60.0,0.02480415649618628,,,,,,
22,decay__delpnpA,-0.2774655725469201,0.19543952975675044,3.0,61.0,-0.09146731375189177,62.0,-0.4811448518605461,63.0,-0.2597845520283224,,,,,,
23,ecm_tasA__deltasA,-0.9461271498234437,0.10790508916214245,3.0,64.0,-0.8291353292826891,65.0,-1.0417470915560667,66.0,-0.9674990286315754,,,,,,
24,ecm_tasA__delcssRS,-1.1905698389966737,0.1809231293281107,3.0,67.0,-1.1851358082742929,68.0,-1.3741487691117928,69.0,-1.012424939603935,,,,,,
25,ecm_tasA__wt,0.0,0.14912496375186107,2.0,70.0,-0.10544727311313906,71.0,0.10544727311313906,,,,,,,,
26,heatshock__wt_37C,-2.9605947323337506e-16,0.5774238583655481,3.0,72.0,0.589233602060192,73.0,-0.024392572171663573,74.0,-0.5648410298885294,,,,,,
27,heatshock__wt_48C,2.076612608951439,0.3940912760179766,3.0,75.0,2.321044649637112,76.0,2.2868084821204846,77.0,1.6219846950967198,,,,,,
28,heatshock__wt_53C,4.7085027402389095,0.19949613179686485,2.0,78.0,4.567437672624861,79.0,4.849567807852957,,,,,,,,
29,heatshock__wt_48_53C,4.887298021951572,0.4377698928572428,3.0,80.0,4.423428336361972,81.0,4.945275498746834,82.0,5.293190230745908,,,,,,
30,heatshock__delrelA_37C,3.108458342666478,0.8360556056033017,2.0,83.0,2.5172777544953577,84.0,3.6996389308375983,,,,,,,,
31,heatshock__delrelA_48C,3.9270643579991904,0.7182094596525384,3.0,85.0,3.103238004190625,86.0,4.421484698303108,87.0,4.256470371503839,,,,,,
32,heatshock__ppGpp_null_37C,-0.5338115640224549,0.2584542318628386,3.0,88.0,-0.6605462895864846,89.0,-0.2364520604109508,90.0,-0.7044363420699291,,,,,,
33,heatshock__ppGpp_null_48C,2.892046947896459,0.8716435009867276,3.0,91.0,2.8495432867723918,92.0,3.784164710680949,93.0,2.042432846236037,,,,,,
34,ldar__yfiJKplus,5.988774145865285,0.1604181451079338,2.0,94.0,6.102206904096472,95.0,5.875341387634097,,,,,,,,
35,ldar__yfiJ_A152E,5.637097119103528,0.4001298691141664,2.0,96.0,5.354162575297615,97.0,5.920031662909441,,,,,,,,
36,ldar__wt,-5.921189464667501e-16,0.20041484199746898,3.0,98.0,-0.006347618083992757,99.0,-0.19716562716906427,100.0,0.20351324525305525,,,,,,
37,mk7__shake,0.0,0.013634143306106475,4.0,101.0,0.0019530974715866734,102.0,0.016193381035380483,103.0,-0.017041365472422854,104.0,-0.0011051130345443028,,,,
38,mk7__static,-2.0365682757108834,0.7350174757091027,4.0,105.0,-2.6899902811266423,106.0,-2.6558231033273656,107.0,-1.4154293565052942,108.0,-1.3850303618842317,,,,
39,nusA__nusA_induced,-0.6551142186614105,0.5965144315883606,6.0,109.0,-1.0001097410526176,110.0,-1.152315417726097,111.0,-1.244350424160826,112.0,-0.3551200543706701,113.0,-0.4990555209044278,114.0,0.3202658462461754
40,nusA__no_nusA,-2.312964634635743e-16,0.34007468090068155,6.0,115.0,-0.013269990337505531,116.0,0.5101790571620599,117.0,-0.18405544539013172,118.0,-0.4195201524631531,119.0,-0.1727560312434182,120.0,0.2794225622721473
41,pamR__wt_exp,0.0,0.6517949197888117,2.0,121.0,0.4608886077256105,122.0,-0.4608886077256105,,,,,,,,
42,pamR__delydhC_exp,-0.24164310895030935,0.5069539270098847,3.0,123.0,-0.6195747799974365,124.0,-0.43981810455333736,125.0,0.3344635576998458,,,,,,
43,pamR__wt_stat,0.08703382862972313,0.2344006338564779,3.0,126.0,0.35150343558052644,127.0,0.004654089107588355,128.0,-0.09505603879894542,,,,,,
44,pamR__delydhC_stat,-0.28818150688349264,0.9772200601876924,2.0,129.0,0.4028174243867508,130.0,-0.979180438153736,,,,,,,,
45,rho_strains__ncib3610,1.1102230246251565e-16,0.9495685011350691,2.0,131.0,0.6714463263537533,132.0,-0.6714463263537531,,,,,,,,
46,rho_strains__ncib3610_delrho,1.5549370944079248,0.2847384894990579,2.0,133.0,1.7562776111975231,134.0,1.3535965776183263,,,,,,,,
47,rnase_j1__delrnjA,0.48316844657532715,1.259246581541454,3.0,135.0,1.874167877894774,136.0,0.15446893494440372,137.0,-0.5791314731131965,,,,,,
48,rnase_j1__wt,-9.25185853854297e-18,0.64635222188511,3.0,138.0,0.7312583042519498,139.0,-0.4949240247340581,140.0,-0.23633427951789174,,,,,,
49,sigI__delrsgI_37C,0.5924184182661442,1.6426825231120807,3.0,141.0,-1.3037393537246909,142.0,1.5834525079851651,143.0,1.497542100537958,,,,,,
50,sigI__delrsgI_52C,2.674723374084637,0.8265431282774306,3.0,144.0,3.408925768503293,145.0,2.835716558520365,146.0,1.7795277952302515,,,,,,
51,sigI__delrsgI_sigI_37C,0.715942062714897,0.9247894986213283,3.0,147.0,-0.3212424185821088,148.0,1.0144845803965588,149.0,1.4545840263302412,,,,,,
52,sigI__delrsgI_sigI_52C,4.224213122986576,0.2413137576709997,3.0,150.0,3.966565796962633,151.0,4.261136181072182,152.0,4.444937390924913,,,,,,
53,sigI__wt_37C,-1.4802973661668753e-16,0.7782586804972617,3.0,153.0,-0.17475066396196448,154.0,-0.6760270703292139,155.0,0.850777734291178,,,,,,
54,sigI__wt_52C,3.6276534707860386,0.7623282601604938,3.0,156.0,2.749144601391747,157.0,4.114980777625357,158.0,4.018835033341013,,,,,,
55,spbeta__spbeta_nopep_20m,1.5979374106573907,0.02540861304450991,2.0,159.0,1.6159040132417086,161.0,1.5799708080730728,,,,,,,,
56,spbeta__spbeta_pep_20m,1.6716661765998815,0.027145577328602902,2.0,160.0,1.6524713547916026,162.0,1.6908609984081604,,,,,,,,
57,spbeta__phi3T_pep_10m,-8.881784197001252e-16,2.471036737752436,3.0,163.0,2.378832560221809,167.0,0.17509436372578158,171.0,-2.5539269239475932,,,,,,
58,spbeta__phi3T_pep_20m,2.124031021135466,0.2972328740943414,3.0,164.0,2.2867382178932907,168.0,2.304387486634102,172.0,1.7809673588790051,,,,,,
59,spbeta__phi3T_nopep_10m,0.31423300281008776,2.508589673790998,3.0,165.0,2.6479417200669704,169.0,0.6334388275861587,173.0,-2.3386815392228657,,,,,,
60,spbeta__phi3T_nopep_20m,2.1031654531323962,0.41208930065881644,3.0,166.0,2.1665410294343044,170.0,2.479895642014497,174.0,1.6630596879483868,,,,,,
61,spore_genes__wt_0h,0.0,0.625302898385009,3.0,175.0,0.5419819093826748,186.0,0.14216207041573534,197.0,-0.6841439797984101,,,,,,
62,spore_genes__delyphF_0h,0.44005175903835436,0.6834345797582244,3.0,176.0,0.20273559997224488,177.0,-0.09309044164783307,178.0,1.2105101187906513,,,,,,
63,spore_genes__delygaB_0h,-1.4103742912264245,0.4172023928686657,3.0,179.0,-1.4743265580783107,180.0,-1.7919080334851127,181.0,-0.96488828211585,,,,,,
64,spore_genes__wt_3h,1.1351099164285332,0.2550380177640859,3.0,182.0,1.0155658988299674,183.0,0.961801871603896,184.0,1.4279619788517364,,,,,,
65,spore_genes__delyizD_3h,1.1261243254992188,0.22295370725874034,3.0,185.0,1.3473755810126002,187.0,1.129491096746718,188.0,0.9015062987383384,,,,,,
66,spore_genes__delykzB_3h,1.0626878587299318,0.34066389974259487,3.0,189.0,0.8961181795730271,190.0,1.4545870192285368,191.0,0.8373583773882309,,,,,,
67,spore_genes__delyphF_3h,1.0609532241560826,0.3410455378950278,3.0,192.0,1.0482763384277671,193.0,1.4081604560641807,194.0,0.7264228779763001,,,,,,
68,spore_genes__delygaB_3h,1.1580216621551307,0.06661014998214253,3.0,195.0,1.085572293493012,196.0,1.2166121421570093,198.0,1.171880550815371,,,,,,
69,spore_genes__delyizD_0h,-0.34040350539684966,0.2850576583307025,3.0,199.0,-0.4415002080616208,200.0,-0.5611344586671496,201.0,-0.018575849461778482,,,,,,
70,spore_genes__delykzB_0h,-0.28521905834012423,0.6694278427614108,3.0,202.0,0.16568074303713232,203.0,0.03306871991455829,204.0,-1.0544066379720634,,,,,,
71,swarming__comIQ12L,-1.5728159515523052e-16,0.24185811599115334,3.0,205.0,0.19599224157098935,206.0,-0.27029130122817113,207.0,0.07429905965718131,,,,,,
72,swarming__comIQ12L_delefp,-1.6125232122715165,0.6463256973811402,3.0,208.0,-2.324781649068619,209.0,-1.0633840290946457,210.0,-1.4494039586512844,,,,,,
73,swarming__comIQ12L_delefp_fliYS164A,-1.3210811583142623,0.13569462899600976,3.0,211.0,-1.2992561996928609,212.0,-1.4663654565612465,213.0,-1.1976218186886798,,,,,,
74,swarming__comIQ12L_delefp_nusGN21S,-1.2947157187717162,0.1723573524037482,3.0,214.0,-1.4932554095213018,215.0,-1.1834646244877294,216.0,-1.2074271223061177,,,,,,
75,synant49__ctrl,-9.25185853854297e-18,0.3718974946001903,3.0,217.0,-0.4285566286902389,218.0,0.19056843256259887,219.0,0.23798819612764002,,,,,,
76,synant49__synant49,0.09517924671461397,0.6079425140029202,3.0,220.0,0.655215517243537,221.0,0.18171756290235666,222.0,-0.5513953400020517,,,,,,
77,tasA__wt_72h,2.3014570331580617,0.42885195863928305,2.0,223.0,1.998212905079092,224.0,2.6047011612370317,,,,,,,,
78,tasA__deltasA_72h,2.114268719582333,1.0122375213960086,2.0,225.0,1.3985087040317523,226.0,2.8300287351329136,,,,,,,,
79,tasA__wt_24h,0.0,0.4340986163869997,2.0,227.0,0.3069540753509452,228.0,-0.3069540753509452,,,,,,,,
80,tasA__wt_48h,3.1463099251745756,0.16457775373280714,2.0,229.0,3.0299358794776583,230.0,3.2626839708714934,,,,,,,,
81,tasA__deltasA_24h,1.6202127799551471,0.029911612120277094,2.0,231.0,1.5990620761886776,232.0,1.641363483721617,,,,,,,,
82,tasA__deltasA_48h,0.9827446371233481,0.06490843461921664,2.0,233.0,0.9368474428478964,234.0,1.0286418313988,,,,,,,,
83,yacP__wt,-1.4802973661668753e-16,0.1953228550614355,3.0,235.0,-0.21750033409740555,239.0,0.057066308736959614,243.0,0.1604340253604455,,,,,,
84,yacP__delyacP,-0.15461751406962407,0.45408698035443895,3.0,236.0,-0.1572272215490127,240.0,-0.6073940162536966,244.0,0.3007686955938371,,,,,,
85,yacP__yacP_induced,-0.23502699636968774,0.3094562502101144,3.0,237.0,-0.4559959154189961,241.0,0.11865023320527054,245.0,-0.3677353068953377,,,,,,
86,yacP__yacP_no_induce,-0.03239851982690108,0.09843117033722198,3.0,238.0,0.07783316092141823,242.0,-0.1115024346028477,246.0,-0.06352628579927377,,,,,,
87,yonO__wt,2.9605947323337506e-16,0.5832413159293718,3.0,247.0,-0.42982303693198176,248.0,-0.23409800292409155,249.0,0.6639210398560742,,,,,,
88,yonO__wt_mmc,-2.691517127503896,0.46824774657809864,3.0,250.0,-3.1473377685992934,251.0,-2.7154532076432094,252.0,-2.2117604062691854,,,,,,
89,yonO__delyonO,-0.13301394471243425,1.202731771770478,3.0,253.0,-1.5218051950650286,254.0,0.5641856123837172,255.0,0.5585777485440087,,,,,,
90,yonO__delyonO_mmc,-3.1452900436442506,0.4449593291341606,3.0,256.0,-3.6121737364767452,257.0,-3.0975994222814123,258.0,-2.726096972174595,,,,,,
91,yydF__ctrl,-2.9605947323337506e-16,0.33883851119282943,3.0,259.0,0.2346343643627975,260.0,-0.3884658000322423,261.0,0.1538314356694439,,,,,,
92,yydF__yydF,0.40786259548462045,0.3149980267335549,3.0,262.0,0.4964259614616911,263.0,0.058063066043309235,264.0,0.6690987589488611,,,,,,
