,condition,X_avg,X_std,n,rep1_idx,rep1_X,rep2_idx,rep2_X,rep3_idx,rep3_X,rep4_idx,rep4_X,rep5_idx,rep5_X,rep6_idx,rep6_X
0,amb__ctrl,5.921189464667501e-16,0.07326955066218734,3.0,0.0,-0.05781698463497875,1.0,0.08239983993584588,2.0,-0.024582855300865347,,,,,,
1,amb__amb,0.13205130548831612,0.07612797340373043,3.0,3.0,0.12279994078355115,4.0,0.2123821892662523,5.0,0.06097178641514489,,,,,,
2,ave1__ctrl_5m,8.81239525796218e-16,0.12984738787935426,2.0,6.0,0.0918159684888522,13.0,-0.09181596848885044,,,,,,,,
3,ave1__vdave1_5m,-0.2285380106728132,0.019496371389840617,2.0,7.0,-0.2423240270911009,14.0,-0.2147519942545255,,,,,,,,
4,ave1__ctrl_20m,-1.11942961558203,0.022827425744159507,2.0,8.0,-1.1355710431227577,15.0,-1.1032881880413026,,,,,,,,
5,ave1__vdave1_20m,-1.129233287108602,0.09560368863613221,2.0,9.0,-1.1968353036496584,16.0,-1.0616312705675457,,,,,,,,
6,ave1__supernatant_5m,-0.04407283703694098,0.004376330979824256,2.0,10.0,-0.040978303724390486,17.0,-0.047167370349491484,,,,,,,,
7,ave1__vnave1_20m,-1.173469824556105,0.03233820370678467,2.0,11.0,-1.1506032614236457,18.0,-1.1963363876885644,,,,,,,,
8,ave1__supernatant_20m,-1.1781948678614524,0.019349393328502204,2.0,12.0,-1.1645127806270228,19.0,-1.191876955095882,,,,,,,,
9,biofilm_time__8h,-4.458239333260394e-16,0.049130115177490614,4.0,20.0,0.029899821180094925,21.0,0.0213208796530715,22.0,-0.07346923328777955,23.0,0.022248532454611336,,,,
10,biofilm_time__12h,0.16732760704701288,0.02166859980699384,4.0,24.0,0.17974933933809467,25.0,0.13620299794887816,26.0,0.18411695939646755,27.0,0.16924113150461118,,,,
11,biofilm_time__16h,-0.18386178338088444,0.060362146125839,4.0,28.0,-0.18317009004097606,29.0,-0.10023365846529586,30.0,-0.2122066922759576,31.0,-0.23983669274130825,,,,
12,biofilm_time__20h,-0.6561766286532729,0.06746441778101515,4.0,32.0,-0.6973971004395398,33.0,-0.6067470672637771,34.0,-0.7291224386600561,35.0,-0.5914399082497184,,,,
13,biofilm_time__24h,-0.6572210086808048,0.1594879998800103,4.0,36.0,-0.8694090979731044,37.0,-0.6263519357709164,38.0,-0.4832119696978694,39.0,-0.649911031281329,,,,
14,biofilm_time__28h,-0.9930317885493034,0.1984984332257532,4.0,40.0,-1.270094311570544,41.0,-0.9789121820584956,42.0,-0.9193201361707092,43.0,-0.8038005243974649,,,,
15,biofilm_time__32h,-0.7361416596185255,0.1787094888184677,4.0,44.0,-0.5087518586250397,45.0,-0.6800757483685054,46.0,-0.8977210368329462,47.0,-0.8580179946476107,,,,
16,codY__wt,0.0,0.5054162149359146,2.0,48.0,-0.3573832329028228,49.0,0.3573832329028228,,,,,,,,
17,codY__ctrl,-0.7017846856819636,0.4814567960910648,2.0,50.0,-1.0422260510463044,51.0,-0.3613433203176229,,,,,,,,
18,codY__codYR61K,-0.19284496384171226,0.4184551557690367,2.0,52.0,-0.4887374421084712,53.0,0.10304751442504667,,,,,,,,
19,codY__codYR61H,-0.40332483053815693,0.4726798302219266,2.0,54.0,-0.7375599438181872,55.0,-0.06908971725812663,,,,,,,,
20,codY__codYF71Y,0.07391310554369035,0.02436006481871861,2.0,56.0,0.056687938520230574,57.0,0.09113827256715012,,,,,,,,
21,decay__wt,-1.1796119636642288e-15,0.05640804725859957,3.0,58.0,-0.04889809637610298,59.0,0.06171297073551508,60.0,-0.01281487435941564,,,,,,
22,decay__delpnpA,-1.2970607986277596,0.4256930865894219,3.0,61.0,-1.7687042121324483,62.0,-0.9413267412051738,63.0,-1.1811514425456568,,,,,,
23,ecm_tasA__deltasA,-0.19954154388548062,0.15650453766767622,3.0,64.0,-0.3741563845531992,65.0,-0.15255673971815398,66.0,-0.07191150738508867,,,,,,
24,ecm_tasA__delcssRS,0.0881571477626455,0.08994328725290746,3.0,67.0,0.011742531223978505,68.0,0.187277506409508,69.0,0.06545140565444996,,,,,,
25,ecm_tasA__wt,0.0,0.018248855633871713,2.0,70.0,-0.01290388956760502,71.0,0.01290388956760502,,,,,,,,
26,heatshock__wt_37C,5.551115123125783e-16,0.6055018642461166,3.0,72.0,0.2947740191645369,73.0,0.4016701056841789,74.0,-0.6964441248487141,,,,,,
27,heatshock__wt_48C,-1.0499414933017832,0.04327531620312697,3.0,75.0,-1.096110607315298,76.0,-1.0103020978516604,77.0,-1.0434117747383915,,,,,,
28,heatshock__wt_53C,-1.865886405605929,0.05956062773167428,2.0,78.0,-1.8237706818451347,79.0,-1.9080021293667235,,,,,,,,
29,heatshock__wt_48_53C,-1.5300995404806546,0.3053528405095632,3.0,80.0,-1.81172709256073,81.0,-1.5730105549270856,82.0,-1.2055609739541475,,,,,,
30,heatshock__delrelA_37C,-1.2597281485353484,0.33546142072362806,2.0,83.0,-1.4969351939554991,84.0,-1.0225211031151975,,,,,,,,
31,heatshock__delrelA_48C,-1.4155703566442537,0.3419813588412853,3.0,85.0,-1.3063454396094445,86.0,-1.1415436697164054,87.0,-1.7988219606069116,,,,,,
32,heatshock__ppGpp_null_37C,-0.29929709659800113,0.4814003348665843,3.0,88.0,-0.4448282229402398,89.0,0.2380777657254587,90.0,-0.6911408325792223,,,,,,
33,heatshock__ppGpp_null_48C,-0.7793233945634809,0.1622450519038532,3.0,91.0,-0.6736344915034689,92.0,-0.9661299627338362,93.0,-0.6982057294531376,,,,,,
34,ldar__yfiJKplus,-2.096787916759169,0.25659007573563114,2.0,94.0,-1.9153513342213344,95.0,-2.2782244992970035,,,,,,,,
35,ldar__yfiJ_A152E,-2.319845324270778,0.09805033911568835,2.0,96.0,-2.250513264584434,97.0,-2.3891773839571218,,,,,,,,
36,ldar__wt,2.8912057932946783e-19,0.022164282899634142,3.0,98.0,-0.02436082095984915,99.0,0.018975131819070512,100.0,0.005385689140778639,,,,,,
37,mk7__shake,-4.371503159461554e-16,0.443411808952473,4.0,101.0,-0.20559474467000705,102.0,0.5015388428964958,103.0,-0.5031059902876187,104.0,0.20716189206112826,,,,
38,mk7__static,0.5802841229195121,0.46863089435498,4.0,105.0,0.3498956733027789,106.0,1.1172900980993727,107.0,0.05929116354735343,108.0,0.7946595567285435,,,,
39,nusA__nusA_induced,0.4117749970707507,0.0940366198232236,6.0,109.0,0.4767682990226465,110.0,0.349139846187807,111.0,0.5071195174342442,112.0,0.3344162151264616,113.0,0.5035472583590561,114.0,0.29965884629428885
40,nusA__no_nusA,2.0648991775710592e-15,0.1650016912280888,6.0,115.0,0.046043144536540126,116.0,-0.0786743017774576,117.0,0.2364470467446917,118.0,-0.2646460064742229,119.0,0.033828810036220965,120.0,0.02700130693424008
41,pamR__wt_exp,0.0,0.40120514858944945,2.0,121.0,0.2836948812145561,122.0,-0.2836948812145561,,,,,,,,
42,pamR__delydhC_exp,-1.2165976424365539,0.44974688189330136,3.0,123.0,-1.7177813851551968,124.0,-0.8481779314184872,125.0,-1.0838336107359776,,,,,,
43,pamR__wt_stat,-2.6237587207241124,0.41779055886971284,3.0,126.0,-2.2068641210096818,127.0,-3.0424395113181166,128.0,-2.6219725298445398,,,,,,
44,pamR__delydhC_stat,-2.7009015919384582,0.019982305730998292,2.0,129.0,-2.6867719680523265,130.0,-2.71503121582459,,,,,,,,
45,rho_strains__ncib3610,0.0,0.017322014129630782,2.0,131.0,-0.012248513654871118,132.0,0.012248513654871118,,,,,,,,
46,rho_strains__ncib3610_delrho,0.127088372183791,0.011225103765041985,2.0,133.0,0.13502571917557482,134.0,0.11915102519200715,,,,,,,,
47,rnase_j1__delrnjA,-1.0945527182057084,0.06096739610372095,3.0,135.0,-1.1563641946526193,136.0,-1.0928279570436494,137.0,-1.0344660029208566,,,,,,
48,rnase_j1__wt,5.921189464667501e-16,0.08613711627625416,3.0,138.0,0.07077849888054821,139.0,-0.09590706394601334,140.0,0.0251285650654669,,,,,,
49,sigI__delrsgI_37C,0.00910426782502565,0.2583753148901304,3.0,141.0,-0.1302943959213536,142.0,0.3072413653016,143.0,-0.14963416590516945,,,,,,
50,sigI__delrsgI_52C,-0.5751476020613998,0.10450871645875619,3.0,144.0,-0.639900049620719,145.0,-0.6309610160923409,146.0,-0.4545817404711397,,,,,,
51,sigI__delrsgI_sigI_37C,0.001199284278389591,0.28241269702438937,3.0,147.0,-0.24499043453057645,148.0,0.30949646063695724,149.0,-0.060908173271212014,,,,,,
52,sigI__delrsgI_sigI_52C,-0.29339516584425357,0.19705144485630569,3.0,150.0,-0.3114704556124668,151.0,-0.08792881927731244,152.0,-0.4807862226429816,,,,,,
53,sigI__wt_37C,-1.850371707708594e-17,0.3847765628051604,3.0,153.0,-0.3728617155867529,154.0,-0.022814474463835662,155.0,0.3956761900505885,,,,,,
54,sigI__wt_52C,-0.47193184512695946,0.2904153229309059,3.0,156.0,-0.4478058036859398,157.0,-0.7736576186935196,158.0,-0.19433211300141906,,,,,,
55,spbeta__spbeta_nopep_20m,0.5041383053149842,0.009971425248796332,2.0,159.0,0.5111891677265028,161.0,0.4970874429034655,,,,,,,,
56,spbeta__spbeta_pep_20m,0.458190695680992,0.008673017967059087,2.0,160.0,0.4520579458631318,162.0,0.4643234454988523,,,,,,,,
57,spbeta__phi3T_pep_10m,5.921189464667501e-16,0.6125067397571805,3.0,163.0,0.4016605742189814,167.0,0.3033185932686475,171.0,-0.7049791674876271,,,,,,
58,spbeta__phi3T_pep_20m,0.008443168424530972,0.09443470431223282,3.0,164.0,0.02097444489441358,168.0,-0.09163152433642807,172.0,0.0959865847156074,,,,,,
59,spbeta__phi3T_nopep_10m,0.003388079277665194,0.6213544258932746,3.0,165.0,0.4245407016599199,169.0,0.29585667072702115,173.0,-0.7102331345539454,,,,,,
60,spbeta__phi3T_nopep_20m,0.05590047275514524,0.06389080221155598,3.0,166.0,0.07339342007712801,170.0,-0.014914770852808347,174.0,0.10922276904111604,,,,,,
61,spore_genes__wt_0h,5.921189464667501e-16,0.1883571045412987,3.0,175.0,-0.1752039777906962,186.0,-0.02400479161515356,197.0,0.19920876940585155,,,,,,
62,spore_genes__delyphF_0h,-0.17267954298734978,0.029133048897152573,3.0,176.0,-0.1994327434028751,177.0,-0.14164128264558684,178.0,-0.1769646029135874,,,,,,
63,spore_genes__delygaB_0h,-2.048431934738442,0.05882812557942062,3.0,179.0,-2.035683900706122,180.0,-1.9970230470126185,181.0,-2.1125888564965862,,,,,,
64,spore_genes__wt_3h,-2.2401598854439735,0.20789588315140417,3.0,182.0,-2.1500032266418074,183.0,-2.0925609435167427,184.0,-2.4779154861733703,,,,,,
65,spore_genes__delyizD_3h,-2.048650107168488,0.18118184859285458,3.0,185.0,-2.257740832649124,187.0,-1.9379676728129704,188.0,-1.9502418160433697,,,,,,
66,spore_genes__delykzB_3h,-1.994777577877415,0.10072434946681308,3.0,189.0,-1.995248453771916,190.0,-2.0952656639075933,191.0,-1.8938186159527357,,,,,,
67,spore_genes__delyphF_3h,-2.56396721386836,0.20946757964378593,3.0,192.0,-2.575570748635585,193.0,-2.7673918439768066,194.0,-2.3489390489926882,,,,,,
68,spore_genes__delygaB_3h,-2.4946291750198153,0.06284294949833323,3.0,195.0,-2.427681971902225,196.0,-2.552347163510417,198.0,-2.5038583896468043,,,,,,
69,spore_genes__delyizD_0h,-0.09565906908785078,0.09462432849341061,3.0,199.0,-0.19978074158490602,200.0,-0.014914238519478928,201.0,-0.07228222715916742,,,,,,
70,spore_genes__delykzB_0h,-0.14486141338911906,0.15281978307771588,3.0,202.0,-0.317265123812847,203.0,-0.026077253562347025,204.0,-0.09124186279216318,,,,,,
71,swarming__comIQ12L,5.921189464667501e-16,0.16885441591254985,3.0,205.0,0.17212621892713464,206.0,-0.006745788898921745,207.0,-0.16538043002821112,,,,,,
72,swarming__comIQ12L_delefp,0.11154370046919955,0.11932095966650547,3.0,208.0,0.04625327867794127,209.0,0.2492620384358144,210.0,0.039115784293842985,,,,,,
73,swarming__comIQ12L_delefp_fliYS164A,0.08058445516087846,0.14875044771652438,3.0,211.0,0.03629450802721301,212.0,0.2464496295800593,213.0,-0.040990772124636976,,,,,,
74,swarming__comIQ12L_delefp_nusGN21S,-0.10281834346358802,0.05673919076598872,3.0,214.0,-0.10795231985623488,215.0,-0.04368663584270571,216.0,-0.15681607469182346,,,,,,
75,synant49__ctrl,1.1853943752508182e-15,0.0732695299704993,3.0,217.0,-0.05781689068767015,218.0,0.08239984077810547,219.0,-0.024582950090431762,,,,,,
76,synant49__synant49,-0.09941096309531912,0.10014207790155578,3.0,220.0,-0.003315648878706057,221.0,-0.09175670187356212,222.0,-0.2031605385336892,,,,,,
77,tasA__wt_72h,-0.32196153974911557,0.06246189663498011,2.0,223.0,-0.27779430907274794,224.0,-0.3661287704254832,,,,,,,,
78,tasA__deltasA_72h,0.21260339846718956,0.05955979492463146,2.0,225.0,0.2547185333444766,226.0,0.17048826358990254,,,,,,,,
79,tasA__wt_24h,-8.89913143176102e-16,0.03882507883736743,2.0,227.0,0.02745347652600394,228.0,-0.02745347652600572,,,,,,,,
80,tasA__wt_48h,-0.07533169318133215,0.045798119023324604,2.0,229.0,-0.1077158537083136,230.0,-0.042947532654350695,,,,,,,,
81,tasA__deltasA_24h,0.4640225209378989,0.11331879844898651,2.0,231.0,0.5441510117570889,232.0,0.38389403011870893,,,,,,,,
82,tasA__deltasA_48h,0.637735273532976,0.03549623910484378,2.0,233.0,0.6628349049106301,234.0,0.6126356421553218,,,,,,,,
83,yacP__wt,1.1853943752508182e-15,0.019939203923727233,3.0,235.0,0.0138015071310722,239.0,-0.022860410635635372,243.0,0.009058903504566729,,,,,,
84,yacP__delyacP,0.0048690652610374014,0.03088585526367506,3.0,236.0,-0.028272211086770582,240.0,0.010030150117771086,244.0,0.0328492567521117,,,,,,
85,yacP__yacP_induced,-0.575002297629867,0.07588896119945338,3.0,237.0,-0.6145401015141978,241.0,-0.6229586197916888,245.0,-0.4875081715837144,,,,,,
86,yacP__yacP_no_induce,-0.29456786593821427,0.10680648206488222,3.0,238.0,-0.330032770331794,242.0,-0.3791305994949177,246.0,-0.17454022798793112,,,,,,
87,yonO__wt,-6.059967342745646e-16,0.28920031793909295,3.0,247.0,-0.22422085295678865,248.0,0.3264246367411996,249.0,-0.10220378378441276,,,,,,
88,yonO__wt_mmc,-1.4480124431877897,0.17556222362387183,3.0,250.0,-1.6386882910804168,251.0,-1.4122910868764809,252.0,-1.2930579516064709,,,,,,
89,yonO__delyonO,-0.15500751418086625,0.3606029402860181,3.0,253.0,0.09639547304566776,254.0,0.006748613522649549,255.0,-0.5681666291109161,,,,,,
90,yonO__delyonO_mmc,-1.249460471941907,0.2460924437243499,3.0,256.0,-1.070662620730085,257.0,-1.1475873735616933,258.0,-1.5301314215339428,,,,,,
91,yydF__ctrl,6.013708050052932e-16,0.10535713410005669,3.0,259.0,-0.019046867896754804,260.0,-0.09453442651045484,261.0,0.11358129440721144,,,,,,
92,yydF__yydF,0.04001200558292872,0.03679927958899756,3.0,262.0,0.002066908166462156,263.0,0.04242212195740258,264.0,0.07554698662492143,,,,,,
