,condition,X_avg,X_std,n,rep1_idx,rep1_X,rep2_idx,rep2_X,rep3_idx,rep3_X,rep4_idx,rep4_X,rep5_idx,rep5_X,rep6_idx,rep6_X
0,amb__ctrl,1.850371707708594e-17,0.7118335435401386,3.0,0.0,0.3794147427111554,1.0,-0.8211662642923874,2.0,0.44175152158123204,,,,,,
1,amb__amb,-0.318586826117812,0.11505163420336346,3.0,3.0,-0.42889127309525055,4.0,-0.3275561689357236,5.0,-0.199313036322462,,,,,,
2,ave1__ctrl_5m,2.220446049250313e-16,0.30559885806130327,2.0,6.0,-0.21609102485801254,13.0,0.216091024858013,,,,,,,,
3,ave1__vdave1_5m,0.44950804209574624,0.008097387386399998,2.0,7.0,0.4437823245649284,14.0,0.4552337596265641,,,,,,,,
4,ave1__ctrl_20m,-0.4909601027900734,0.5429938943979682,2.0,8.0,-0.8749147676617688,15.0,-0.10700543791837802,,,,,,,,
5,ave1__vdave1_20m,-0.4951032615053561,0.16283682838687683,2.0,9.0,-0.3799602359260854,16.0,-0.6102462870846268,,,,,,,,
6,ave1__supernatant_5m,0.10953312781788904,0.00020158249007624216,2.0,10.0,0.10939058747218766,17.0,0.10967566816359042,,,,,,,,
7,ave1__vnave1_20m,-0.2185688001011108,0.03273198898315682,2.0,11.0,-0.24171381147282436,18.0,-0.19542378872939725,,,,,,,,
8,ave1__supernatant_20m,-0.2533709277586462,0.16005804331693133,2.0,12.0,-0.3665490555714985,19.0,-0.14019279994579392,,,,,,,,
9,biofilm_time__8h,-2.220446049250313e-16,0.19352702656109458,4.0,20.0,0.17617192796431258,21.0,0.03140282731824495,22.0,0.06766495501591496,23.0,-0.2752397102984734,,,,
10,biofilm_time__12h,0.11247648635789974,0.28405386792830684,4.0,24.0,-0.13132417300787316,25.0,-0.1348757327767709,26.0,0.3783302874610417,27.0,0.3377755637552013,,,,
11,biofilm_time__16h,0.044580463912399226,0.14553911259059213,4.0,28.0,-0.027979803101599643,29.0,-0.021769572770648612,30.0,0.262745978425035,31.0,-0.034674746903189835,,,,
12,biofilm_time__20h,0.5169842617380973,0.319155162339724,4.0,32.0,0.5516945615022779,33.0,0.6233385033818974,34.0,0.8226928852080508,35.0,0.07021109686016302,,,,
13,biofilm_time__24h,0.23104722586769721,0.36170423039088634,4.0,36.0,0.7455987703551443,37.0,-0.030376117962600983,38.0,-0.012451581092816966,39.0,0.22141783217106248,,,,
14,biofilm_time__28h,1.120850449041503,0.4528089577617892,4.0,40.0,1.56879873651393,41.0,1.0687509882761708,42.0,1.3312076099867127,43.0,0.5146444613891985,,,,
15,biofilm_time__32h,1.1746132939993572,0.35197857926273357,4.0,44.0,0.653230727049448,45.0,1.406166037952275,46.0,1.3654065406834361,47.0,1.27364987031227,,,,
16,codY__wt,4.423544863740858e-16,0.03558361027056449,2.0,48.0,-0.025161412121414983,49.0,0.025161412121415868,,,,,,,,
17,codY__ctrl,-0.06499039681172158,0.05079764377157592,2.0,50.0,-0.1009097551909015,51.0,-0.029071038432541663,,,,,,,,
18,codY__codYR61K,-0.1432501425097965,0.3940128130809743,2.0,52.0,-0.42185927451374106,53.0,0.13535898949414804,,,,,,,,
19,codY__codYR61H,0.07100868854991393,0.3185226329614469,2.0,54.0,-0.15422082517851887,55.0,0.29623820227834674,,,,,,,,
20,codY__codYF71Y,-0.05899883075902412,0.16713950580921502,2.0,56.0,0.05918664720284018,57.0,-0.17718430872088842,,,,,,,,
21,decay__wt,1.6190752442450199e-16,0.1971858900052147,3.0,58.0,0.13936133021874395,59.0,-0.2256168377791385,60.0,0.08625550756039503,,,,,,
22,decay__delpnpA,1.15717497752214,0.3506865864352848,3.0,61.0,0.7887608294569146,62.0,1.4869304748875498,63.0,1.1958336282219555,,,,,,
23,ecm_tasA__deltasA,-0.6332806513900712,0.09148912188544865,3.0,64.0,-0.6939569562813803,65.0,-0.5280489148271963,66.0,-0.6778360830616368,,,,,,
24,ecm_tasA__delcssRS,0.9177373169361088,0.13968131975291861,3.0,67.0,0.9556872236574964,68.0,0.7630025590573046,69.0,1.0345221680935257,,,,,,
25,ecm_tasA__wt,-4.579669976578771e-16,0.22531811517686584,2.0,70.0,0.15932396716573294,71.0,-0.15932396716573385,,,,,,,,
26,heatshock__wt_37C,8.928043489693967e-16,0.13600244747553272,3.0,72.0,-0.030029535153190068,73.0,0.14850759878186182,74.0,-0.11847806362866907,,,,,,
27,heatshock__wt_48C,0.532390836660357,0.18740858746574984,3.0,75.0,0.4771732712999963,76.0,0.7412045972320493,77.0,0.3787946414490255,,,,,,
28,heatshock__wt_53C,-2.657578828898987,0.27229216883366153,2.0,78.0,-2.4650391898527126,79.0,-2.8501184679452614,,,,,,,,
29,heatshock__wt_48_53C,-0.396484372362852,0.45906943203768646,3.0,80.0,0.046119102181041434,81.0,-0.3651571986355648,82.0,-0.8704150206340326,,,,,,
30,heatshock__delrelA_37C,-0.2977370048000494,0.10523738380583844,2.0,83.0,-0.3721510725234891,84.0,-0.22332293707660966,,,,,,,,
31,heatshock__delrelA_48C,0.30600209217517776,0.1209192748010101,3.0,85.0,0.3052438880288637,86.0,0.18546370228271147,87.0,0.4272986862139581,,,,,,
32,heatshock__ppGpp_null_37C,-0.960355371042915,0.4726208832323578,3.0,88.0,-1.1929478932554547,89.0,-0.4165125765330391,90.0,-1.2716056433402514,,,,,,
33,heatshock__ppGpp_null_48C,-0.19580651520041073,0.21597816160613464,3.0,91.0,-0.3272453538334181,92.0,0.05345973755342115,93.0,-0.3136339293212353,,,,,,
34,ldar__yfiJKplus,1.400621082215287,0.5772678197240386,2.0,94.0,1.808811072102928,95.0,0.9924310923276458,,,,,,,,
35,ldar__yfiJ_A152E,0.8809979757522877,0.3106780061704618,2.0,96.0,1.1006805006809373,97.0,0.6613154508236381,,,,,,,,
36,ldar__wt,9.25185853854297e-18,0.27394362726465743,3.0,98.0,0.3115366284496717,99.0,-0.20324259957570726,100.0,-0.10829402887396444,,,,,,
37,mk7__shake,5.620504062164855e-16,0.30753235980781257,4.0,101.0,-0.004764271467514014,102.0,0.4364756859731642,103.0,-0.21777424201814852,104.0,-0.21393717248749944,,,,
38,mk7__static,1.7983122404500747,0.26710652690184356,4.0,105.0,1.790522951243232,106.0,2.0837216838258383,107.0,1.442728096944032,108.0,1.876276229787196,,,,
39,nusA__nusA_induced,0.4275988149457519,0.17986750068691185,6.0,109.0,0.16778193857122314,110.0,0.4849917516378399,111.0,0.2836117479056943,112.0,0.6506975718353933,113.0,0.5694252096188057,114.0,0.4090846701055551
40,nusA__no_nusA,1.5265566588595902e-16,0.5005726139717759,6.0,115.0,-0.6592951900232666,116.0,0.7540551966526703,117.0,-0.06750423354924351,118.0,0.39395838409817774,119.0,-0.18689411742946227,120.0,-0.2343200397488747
41,pamR__wt_exp,0.0,0.2172753747425465,2.0,121.0,-0.15363689086530294,122.0,0.15363689086530294,,,,,,,,
42,pamR__delydhC_exp,0.7293830111284407,0.30291906186532463,3.0,123.0,0.7864610091898463,124.0,0.40198529188976906,125.0,0.9997027323057068,,,,,,
43,pamR__wt_stat,-0.2030163038590338,0.22492149767790062,3.0,126.0,-0.2262339629931409,127.0,0.03261347416132665,128.0,-0.4154284227452871,,,,,,
44,pamR__delydhC_stat,-0.0225448550332934,0.05291730007519988,2.0,129.0,0.014873326691963841,130.0,-0.059963036758550636,,,,,,,,
45,rho_strains__ncib3610,0.0,0.16250865185918711,2.0,131.0,0.11491096973111505,132.0,-0.11491096973111505,,,,,,,,
46,rho_strains__ncib3610_delrho,0.5038016444723521,0.10473566493030721,2.0,133.0,0.4297423455680498,134.0,0.5778609433766544,,,,,,,,
47,rnase_j1__delrnjA,-0.9008078164410481,0.6435246140558198,3.0,135.0,-0.6308500612259946,136.0,-0.4362318285899343,137.0,-1.6353415595072158,,,,,,
48,rnase_j1__wt,-2.9605947323337506e-16,0.4171504000182966,3.0,138.0,-0.4443918200445669,139.0,0.06125682544823353,140.0,0.3831349945963325,,,,,,
49,sigI__delrsgI_37C,-0.41202768871296264,0.5545352420116378,3.0,141.0,-0.12598316619994598,142.0,-1.0511781924513226,143.0,-0.05892170748761937,,,,,,
50,sigI__delrsgI_52C,1.4394874644547906,0.1730649969354885,3.0,144.0,1.5266684297290736,145.0,1.2401693264873774,146.0,1.5516246371479203,,,,,,
51,sigI__delrsgI_sigI_37C,-0.2938696009312454,0.2332698132624657,3.0,147.0,-0.07935522947960649,148.0,-0.5422029863153943,149.0,-0.2600505869987355,,,,,,
52,sigI__delrsgI_sigI_52C,1.4357845394054924,0.33411470715263836,3.0,150.0,1.3224731380251642,151.0,1.8118193757222858,152.0,1.1730611044690271,,,,,,
53,sigI__wt_37C,0.0,0.8797745014506069,3.0,153.0,-0.12341939646136968,154.0,0.9349673422484726,155.0,-0.8115479457871029,,,,,,
54,sigI__wt_52C,1.5819150710149696,0.1731712875067389,3.0,156.0,1.7478644124220306,157.0,1.5955525469683876,158.0,1.402328253654491,,,,,,
55,spbeta__spbeta_nopep_20m,0.08624783132196656,0.020892306110645027,2.0,159.0,0.07147473999650432,161.0,0.1010209226474288,,,,,,,,
56,spbeta__spbeta_pep_20m,-0.036381401824576276,0.03224124433453841,2.0,160.0,-0.05917940432742075,162.0,-0.013583399321731804,,,,,,,,
57,spbeta__phi3T_pep_10m,0.0,0.6147857842842872,3.0,163.0,-0.3912559775790863,167.0,-0.31735410696480315,171.0,0.7086100845438894,,,,,,
58,spbeta__phi3T_pep_20m,-0.07953923238392206,0.0853914297465546,3.0,164.0,-0.13483504138436775,168.0,0.01880857596630925,172.0,-0.12259123173370767,,,,,,
59,spbeta__phi3T_nopep_10m,0.20571937000608673,0.3315783527175938,3.0,165.0,-0.14936243036304475,169.0,0.25923652135247544,173.0,0.5072840190288295,,,,,,
60,spbeta__phi3T_nopep_20m,-0.042871184090565485,0.28228549903648553,3.0,166.0,-0.04617348314534464,170.0,0.2410509772003282,174.0,-0.32349104632668,,,,,,
61,spore_genes__wt_0h,5.967448757360216e-16,0.13481710853613027,3.0,175.0,0.1489304832041194,186.0,-0.03521685139961228,197.0,-0.11371363180450532,,,,,,
62,spore_genes__delyphF_0h,-0.03264468180656089,0.09544073520627698,3.0,176.0,0.06626077116803407,177.0,-0.12419512160031144,178.0,-0.0399996949874053,,,,,,
63,spore_genes__delygaB_0h,-0.870240795255449,0.3176752794902444,3.0,179.0,-0.6808154511821947,180.0,-1.236994112171204,181.0,-0.6929128224129482,,,,,,
64,spore_genes__wt_3h,-2.826548845607231,0.49302749414199726,3.0,182.0,-3.1311378014178595,183.0,-3.0907820210198933,184.0,-2.2577267143839403,,,,,,
65,spore_genes__delyizD_3h,-2.892427189504873,0.5439898143789739,3.0,185.0,-3.4432623322900997,187.0,-2.8784678408795963,188.0,-2.3555513953449223,,,,,,
66,spore_genes__delykzB_3h,-3.2667503919453185,0.4052612327938546,3.0,189.0,-2.8918354045337367,190.0,-3.211688338054993,191.0,-3.6967274332472257,,,,,,
67,spore_genes__delyphF_3h,-2.8070712844941923,0.21522071068717244,3.0,192.0,-3.0319275135120063,193.0,-2.7862931100431383,194.0,-2.602993229927433,,,,,,
68,spore_genes__delygaB_3h,-2.065110894041893,0.11892173846639245,3.0,195.0,-2.191216794288068,196.0,-1.9549903720439428,198.0,-2.0491255157936688,,,,,,
69,spore_genes__delyizD_0h,-0.44577401356059126,0.45445508010710617,3.0,199.0,-0.2050771625751482,200.0,-0.16229303289345332,201.0,-0.9699518452131723,,,,,,
70,spore_genes__delykzB_0h,-0.6460914191707063,0.1908746685903687,3.0,202.0,-0.4507682431555154,203.0,-0.8321825372742326,204.0,-0.6553234770823709,,,,,,
71,swarming__comIQ12L,-5.921189464667501e-16,0.12456422013249721,3.0,205.0,0.034337044252295,206.0,0.10379416005818952,207.0,-0.1381312043104863,,,,,,
72,swarming__comIQ12L_delefp,-0.037153000195228436,0.28728188211911526,3.0,208.0,-0.21369015296920946,209.0,0.2943373989415789,210.0,-0.19210624655805475,,,,,,
73,swarming__comIQ12L_delefp_fliYS164A,0.16669765582997517,0.5646769894919696,3.0,211.0,0.13989879260372629,212.0,0.7442969351558135,213.0,-0.3841027602696143,,,,,,
74,swarming__comIQ12L_delefp_nusGN21S,0.010557616465189193,0.27510557445362155,3.0,214.0,-0.2263361167827851,215.0,0.31229140694446755,216.0,-0.05428244076611488,,,,,,
75,synant49__ctrl,-5.551115123125783e-17,0.7118335391091947,3.0,217.0,0.3794148257665024,218.0,-0.8211662633970059,219.0,0.4417514376305034,,,,,,
76,synant49__synant49,0.08508768340826034,0.41570731800685473,3.0,220.0,0.19671802821019746,221.0,-0.3750374861904064,222.0,0.43358250820498995,,,,,,
77,tasA__wt_72h,-3.2273035271252724,0.22193775358796983,2.0,223.0,-3.384237217688635,224.0,-3.07036983656191,,,,,,,,
78,tasA__deltasA_72h,-3.311861012553181,0.2691987014511822,2.0,225.0,-3.121508785270437,226.0,-3.5022132398359247,,,,,,,,
79,tasA__wt_24h,0.0,0.26111098827501983,2.0,227.0,-0.1846333504515876,228.0,0.1846333504515876,,,,,,,,
80,tasA__wt_48h,-2.1096096056317934,0.36475182878074136,2.0,229.0,-1.8516911140507368,230.0,-2.3675280972128503,,,,,,,,
81,tasA__deltasA_24h,-2.044073505338593,0.04167955002976557,2.0,231.0,-2.0735453978014444,232.0,-2.014601612875742,,,,,,,,
82,tasA__deltasA_48h,-2.86974353597279,0.029385652596487497,2.0,233.0,-2.8905223301933582,234.0,-2.8489647417522215,,,,,,,,
83,yacP__wt,-2.9605947323337506e-16,0.33823918800430286,3.0,235.0,0.3762658662860838,239.0,-0.2788178089647424,243.0,-0.09744805732134232,,,,,,
84,yacP__delyacP,0.006042645121163773,0.12353211328217649,3.0,236.0,0.14447160691683614,240.0,-0.03336831393629769,244.0,-0.09297535761704713,,,,,,
85,yacP__yacP_induced,-0.4282265447378357,0.32091798753529377,3.0,237.0,-0.4546299281358692,241.0,-0.735127181572298,245.0,-0.09492252450533999,,,,,,
86,yacP__yacP_no_induce,-0.30388178423044554,0.24195822342911105,3.0,238.0,-0.3955701697084897,242.0,-0.4865954875731249,246.0,-0.029479695409722062,,,,,,
87,yonO__wt,-5.921189464667501e-16,0.23073985663918004,3.0,247.0,-0.09853487170577058,248.0,-0.16511316199896164,249.0,0.26364803370473044,,,,,,
88,yonO__wt_mmc,-2.448792210604157,0.8069967341645391,3.0,250.0,-1.8446998362469484,251.0,-2.1363890252671442,252.0,-3.365287770298377,,,,,,
89,yonO__delyonO,-0.046719348086120625,0.06595993069941307,3.0,253.0,-0.005435342134834542,254.0,-0.12279090633087986,255.0,-0.01193179579264747,,,,,,
90,yonO__delyonO_mmc,-2.5147898657111973,0.90647373879984,3.0,256.0,-1.5033084380135366,257.0,-2.7873490404091186,258.0,-3.253712118710937,,,,,,
91,yydF__ctrl,-1.4802973661668753e-16,0.6217164376736711,3.0,259.0,0.7091775745277318,260.0,-0.2579880382302162,261.0,-0.451189536297516,,,,,,
92,yydF__yydF,0.021532283953429116,0.4399214784024703,3.0,262.0,-0.4854210611320455,263.0,0.3029309297394909,264.0,0.24708698325284195,,,,,,
