,condition,X_avg,X_std,n,rep1_idx,rep1_X,rep2_idx,rep2_X,rep3_idx,rep3_X,rep4_idx,rep4_X,rep5_idx,rep5_X,rep6_idx,rep6_X,rep7_idx,rep7_X,rep8_idx,rep8_X
0,LB__LBexp,-0.016899999999994957,0.015199451744497411,3.0,0.0,-0.013433333333328079,1.0,-0.0037333333333293695,2.0,-0.03353333333332742,,,,,,,,,,
1,LB__LBtran,-0.0064666666666610695,0.005621684207898666,3.0,3.0,-0.010433333333327965,4.0,-3.333333332733446e-05,5.0,-0.008933333333327909,,,,,,,,,,
2,LB__LBstat,-0.019799999999996487,0.009692436914076561,3.0,6.0,-0.008633333333328608,7.0,-0.026033333333330688,8.0,-0.024733333333330165,,,,,,,,,,
3,LB__LBGexp,-0.16536666666666258,0.23661386969772763,3.0,9.0,-0.438333333333329,10.0,-0.018733333333329938,11.0,-0.03903333333332881,,,,,,,,,,
4,LB__LBGtran,-0.004783333333330475,0.010677312395917104,2.0,12.0,0.0027666666666696926,13.0,-0.012333333333330643,,,,,,,,,,,,
5,LB__LBGstat,-0.10016666666666296,0.16080996030511668,3.0,14.0,-0.0049333333333301255,15.0,-0.009733333333329597,16.0,-0.28583333333332916,,,,,,,,,,
6,Life Cycle__S0,0.0033666666666694787,0.019582390048204203,3.0,17.0,0.019466666666669852,18.0,-0.018433333333330637,19.0,0.00906666666666922,,,,,,,,,,
7,Life Cycle__S1,-0.0028333333333290986,0.007807688518378624,3.0,20.0,-0.010833333333330586,21.0,0.004766666666672137,22.0,-0.0024333333333288465,,,,,,,,,,
8,Life Cycle__S2,-0.021533333333328148,0.009321480569093227,3.0,23.0,-0.03203333333332736,24.0,-0.014233333333329767,25.0,-0.018333333333327317,,,,,,,,,,
9,Life Cycle__S3,-0.00963333333332983,0.006505382386916149,2.0,26.0,-0.014233333333329767,27.0,-0.005033333333329892,,,,,,,,,,,,
10,Life Cycle__S4,-0.014299999999995094,0.021202436966850976,3.0,28.0,-0.03813333333332736,29.0,-0.007233333333328318,30.0,0.002466666666670392,,,,,,,,,,
11,Life Cycle__S5,-0.015766666666661894,0.013431803055932128,3.0,31.0,-0.007033333333328784,32.0,-0.031233333333329227,33.0,-0.009033333333327676,,,,,,,,,,
12,Life Cycle__S6,0.0034916666666706675,0.018752733134132244,8.0,34.0,-0.0028333333333279143,35.0,-0.006933333333329017,36.0,-0.014433333333329301,37.0,0.0223666666666702,38.0,0.02096666666666991,39.0,-0.026833333333328824,40.0,0.01776666666667026,41.0,0.017866666666670028
13,Life Cycle__S7,-0.008566666666660913,0.006115826463637978,3.0,42.0,-0.003033333333327448,43.0,-0.01513333333332767,44.0,-0.007533333333327619,,,,,,,,,,
14,Life Cycle__S8,-0.0304833333333292,0.0130814754519533,2.0,45.0,-0.021233333333327664,46.0,-0.039733333333330734,,,,,,,,,,,,
15,Life Cycle__G135,-0.25488333333332847,0.28376195129016085,2.0,47.0,-0.054233333333328915,48.0,-0.455533333333328,,,,,,,,,,,,
16,Life Cycle__G150,-0.06753333333332871,0.0457472403539274,3.0,49.0,-0.11203333333332921,50.0,-0.020633333333329062,51.0,-0.06993333333332785,,,,,,,,,,
17,Life Cycle__G180,-0.2188333333333302,0.18402029779347673,3.0,52.0,-0.25353333333332984,53.0,-0.019933333333330694,54.0,-0.38303333333333,,,,,,,,,,
18,Stress Time Course__C30,-0.04658333333332898,0.03698168465605566,2.0,55.0,-0.07273333333332843,56.0,-0.02043333333332953,,,,,,,,,,,,
19,Stress Time Course__C90,-0.00253333333333039,0.018526197667087074,2.0,57.0,-0.015633333333330057,58.0,0.010566666666669278,,,,,,,,,,,,
20,Biofilm__BI,-0.006183333333330765,0.01506137443927353,2.0,59.0,-0.016833333333330813,60.0,0.004466666666669283,,,,,,,,,,,,
21,Biofilm__BC,9.166666667059786e-05,0.016430738469913837,4.0,61.0,-0.0005333333333297219,62.0,0.022966666666672353,63.0,-0.015433333333330523,64.0,-0.006633333333329716,,,,,,,,
22,Biofilm__Sw,0.01976666666667093,0.00678822509939262,2.0,65.0,0.024566666666672177,66.0,0.014966666666669681,,,,,,,,,,,,
23,Life Cycle__BT,-0.029333333333328326,0.018384776310850094,2.0,67.0,-0.016333333333328426,68.0,-0.04233333333332823,,,,,,,,,,,,
24,Life Cycle__B36,0.015366666666670525,0.0076367532368145,2.0,69.0,0.009966666666670676,70.0,0.020766666666670375,,,,,,,,,,,,
25,Life Cycle__B60,-0.0031333333333289914,0.011313708498986027,2.0,71.0,0.004866666666671904,72.0,-0.011133333333329887,,,,,,,,,,,,
26,M9__M9exp,3.552713678800501e-15,0.01739032297955632,3.0,73.0,0.016666666666669272,74.0,-0.018033333333328017,75.0,0.0013666666666694027,,,,,,,,,,
27,M9__M9tran,-0.028866666666660972,0.020126682124317882,3.0,76.0,-0.04403333333332782,77.0,-0.03653333333332753,78.0,-0.006033333333327562,,,,,,,,,,
28,M9__M9stat,-0.022033333333329352,0.010073231854772149,3.0,79.0,-0.023433333333329642,80.0,-0.031333333333328994,81.0,-0.01133333333332942,,,,,,,,,,
29,Supplement__M+G,-0.02343333333332846,0.008029321266459817,3.0,82.0,-0.032333333333330216,83.0,-0.021233333333327664,84.0,-0.016733333333327494,,,,,,,,,,
30,Supplement__Glu,-0.02629999999999555,0.009968115836672705,3.0,85.0,-0.03773333333332829,86.0,-0.02173333333333005,87.0,-0.019433333333328306,,,,,,,,,,
31,Supplement__Fru,-0.020533333333329296,0.01247076581449762,3.0,88.0,-0.006133333333327329,89.0,-0.02773333333333028,90.0,-0.02773333333333028,,,,,,,,,,
32,Supplement__Mal,-0.016266666666661916,0.01056519442950948,3.0,91.0,-0.004133333333328437,92.0,-0.021233333333327664,93.0,-0.023433333333329642,,,,,,,,,,
33,Supplement__G+S,-0.027433333333329202,0.011455129855223007,2.0,94.0,-0.01933333333332854,95.0,-0.035533333333329864,,,,,,,,,,,,
34,Supplement__Pyr,-0.02276666666666216,0.008558231904624158,3.0,96.0,-0.022333333333328653,97.0,-0.03153333333332853,98.0,-0.014433333333329301,,,,,,,,,,
35,Supplement__Gly,-0.028299999999995624,0.012455654673012358,3.0,99.0,-0.025133333333329233,100.0,-0.017733333333328716,101.0,-0.042033333333328926,,,,,,,,,,
36,Supplement__Glucon,-0.2305666666666634,0.3473956294102349,3.0,102.0,-0.04023333333332957,103.0,-0.019933333333330694,104.0,-0.63153333333333,,,,,,,,,,
37,Stressors__aero,-0.007199999999995062,0.004045161719058101,3.0,105.0,-0.010333333333328198,106.0,-0.0026333333333283804,107.0,-0.008633333333328608,,,,,,,,,,
38,Stressors__nit,-0.019866666666662997,0.0325584602420529,3.0,108.0,-0.012933333333329244,109.0,0.008666666666670153,110.0,-0.055333333333329904,,,,,,,,,,
39,Stressors__ferm,-0.011433333333329188,0.00565066367783426,3.0,111.0,-0.015733333333329824,112.0,-0.005033333333329892,113.0,-0.013533333333327846,,,,,,,,,,
40,Glc Growth/Exhaust__T-5.40H,-0.011433333333329188,,1.0,114.0,-0.011433333333329188,,,,,,,,,,,,,,
41,Glc Growth/Exhaust__T-4.40H,-0.022933333333330808,,1.0,115.0,-0.022933333333330808,,,,,,,,,,,,,,
42,Glc Growth/Exhaust__T-3.40H,-0.05643333333332734,,1.0,116.0,-0.05643333333332734,,,,,,,,,,,,,,
43,Glc Growth/Exhaust__T-2.40H,-0.03453333333332864,,1.0,117.0,-0.03453333333332864,,,,,,,,,,,,,,
44,Glc Growth/Exhaust__T-1.40H,-0.015933333333329358,,1.0,118.0,-0.015933333333329358,,,,,,,,,,,,,,
45,Glc Growth/Exhaust__T-1.10H,-0.03623333333332823,,1.0,119.0,-0.03623333333332823,,,,,,,,,,,,,,
46,Glc Growth/Exhaust__T-0.40H,-0.0007333333333292558,,1.0,120.0,-0.0007333333333292558,,,,,,,,,,,,,,
47,Glc Growth/Exhaust__T0.0H,-0.004633333333330825,,1.0,121.0,-0.004633333333330825,,,,,,,,,,,,,,
48,Glc Growth/Exhaust__T0.30H,-0.019833333333327374,,1.0,122.0,-0.019833333333327374,,,,,,,,,,,,,,
49,Glc Growth/Exhaust__T1.0H,-0.027033333333328358,,1.0,123.0,-0.027033333333328358,,,,,,,,,,,,,,
50,Glc Growth/Exhaust__T1.30H,-0.018933333333329472,,1.0,124.0,-0.018933333333329472,,,,,,,,,,,,,,
51,Glc Growth/Exhaust__T2.0H,-0.0468333333333284,,1.0,125.0,-0.0468333333333284,,,,,,,,,,,,,,
52,Glc Growth/Exhaust__T2.30H,-0.07303333333332773,,1.0,126.0,-0.07303333333332773,,,,,,,,,,,,,,
53,Glc Growth/Exhaust__T3.0H,-0.01103333333333012,,1.0,127.0,-0.01103333333333012,,,,,,,,,,,,,,
54,Glc Growth/Exhaust__T3.30H,-0.033733333333330506,,1.0,128.0,-0.033733333333330506,,,,,,,,,,,,,,
55,Glc Growth/Exhaust__T4.0H,-0.042033333333328926,,1.0,129.0,-0.042033333333328926,,,,,,,,,,,,,,
56,Glc Growth/Exhaust__T5.0H,0.005266666666670972,,1.0,130.0,0.005266666666670972,,,,,,,,,,,,,,
57,Stressors__HPh,-0.021966666666661656,0.0029143323992531895,3.0,131.0,-0.01963333333332784,132.0,-0.02103333333332813,133.0,-0.025233333333329,,,,,,,,,,
58,Stressors__LPh,-0.030733333333330393,0.007699999999999818,3.0,134.0,-0.023033333333330575,135.0,-0.03843333333333021,136.0,-0.030733333333330393,,,,,,,,,,
59,Stressors__LPhT,-0.01616666666666215,0.00323934149686695,3.0,137.0,-0.017833333333328483,138.0,-0.01823333333332755,139.0,-0.01243333333333041,,,,,,,,,,
60,Stressors__SMMPr,-0.009899999999995876,0.017367882235130173,3.0,140.0,0.009766666666671142,141.0,-0.016333333333328426,142.0,-0.02313333333333034,,,,,,,,,,
61,Stressors__HiTm,-0.005866666666662468,0.008905241902010771,3.0,143.0,-0.016133333333328892,144.0,-0.0012333333333280905,145.0,-0.00023333333333042106,,,,,,,,,,
62,Stressors__LoTm,-0.02969999999999473,0.022935634574464136,3.0,146.0,-0.05443333333332845,147.0,-0.009133333333327442,148.0,-0.0255333333333283,,,,,,,,,,
63,Stressors__HiOs,-0.011566666666663394,0.003955165398984638,3.0,149.0,-0.009333333333330529,150.0,-0.016133333333328892,151.0,-0.009233333333330762,,,,,,,,,,
64,Stressors__BMM,-0.05463333333332917,0.03344488002669499,3.0,152.0,-0.022233333333328886,153.0,-0.05263333333332909,154.0,-0.08903333333332952,,,,,,,,,,
65,Stressors__Heat,-0.08719999999999573,0.045203687165246226,3.0,155.0,-0.04233333333332823,156.0,-0.08653333333332824,157.0,-0.1327333333333307,,,,,,,,,,
66,Stressors__Cold,-0.29369999999999585,0.31290027697867806,3.0,158.0,-0.005533333333328727,159.0,-0.24903333333332967,160.0,-0.6265333333333292,,,,,,,,,,
67,Stressors__Etha,-0.08419999999999561,0.10142594999965805,3.0,161.0,-0.03283333333332905,162.0,-0.20103333333332785,163.0,-0.018733333333329938,,,,,,,,,,
68,Stress Time Course__SMM,-0.017433333333329415,0.016008435276441267,3.0,164.0,-0.03563333333332963,165.0,-0.011133333333329887,166.0,-0.005533333333328727,,,,,,,,,,
69,Stress Time Course__Salt,-0.010333333333329383,0.0021517434791353527,3.0,167.0,-0.012533333333330177,168.0,-0.010233333333328432,169.0,-0.00823333333332954,,,,,,,,,,
70,Stress Time Course__Mt0,0.011266666666671199,0.014566399692444101,2.0,170.0,0.000966666666670335,171.0,0.021566666666672063,,,,,,,,,,,,
71,Stress Time Course__M0t45,-0.00149999999999532,0.028700580714218583,3.0,172.0,0.00046666666667150025,173.0,-0.03113333333332946,174.0,0.026166666666672,,,,,,,,,,
72,Stress Time Course__M0t90,-0.018233333333328734,0.021741895041601733,3.0,175.0,-0.04333333333332945,176.0,-0.005233333333329426,177.0,-0.006133333333327329,,,,,,,,,,
73,Stress Time Course__M40t45,-0.009633333333328645,0.016306133815224243,3.0,178.0,-0.028433333333328648,179.0,0.0006666666666710341,180.0,-0.0011333333333283235,,,,,,,,,,
74,Stress Time Course__M40t90,-0.00403333333332867,0.008296384754818878,3.0,181.0,0.002266666666670858,182.0,-0.0009333333333287896,183.0,-0.013433333333328079,,,,,,,,,,
75,Stress Time Course__dia0,-0.003133333333330768,0.009935290634903582,3.0,184.0,-0.012233333333330876,185.0,-0.004633333333330825,186.0,0.007466666666669397,,,,,,,,,,
76,Stress Time Course__dia5,-0.007233333333329502,0.009874715185765662,3.0,187.0,0.0041666666666699825,188.0,-0.01273333333332971,189.0,-0.013133333333328778,,,,,,,,,,
77,Stress Time Course__dia15,-0.009566666666662135,0.021705375678234093,3.0,190.0,0.00876666666666992,191.0,-0.003933333333328903,192.0,-0.03353333333332742,,,,,,,,,,
78,Stressors__Diami,-0.048799999999995215,0.023339308758687196,3.0,193.0,-0.057633333333328096,194.0,-0.022333333333328653,195.0,-0.0664333333333289,,,,,,,,,,
79,Stressors__Paraq,-0.4465999999999954,0.6637690286035747,3.0,196.0,-0.07523333333332971,197.0,-0.05163333333332787,198.0,-1.2129333333333285,,,,,,,,,,
80,Stressors__H2O2,-0.30939999999999657,0.2411892686943865,3.0,199.0,-0.4884333333333295,200.0,-0.035133333333330796,201.0,-0.4046333333333294,,,,,,,,,,
81,Stressors__Oxctl,-0.10466666666666195,0.07290825284790087,3.0,202.0,-0.18653333333332967,203.0,-0.08073333333332755,204.0,-0.04673333333332863,,,,,,,,,,
82,Carbon Transition__GM-0.1,-0.07079999999999487,0.08833064775791828,3.0,205.0,-0.1654333333333291,215.0,0.009466666666671841,225.0,-0.05643333333332734,,,,,,,,,,
83,Carbon Transition__GM-0.2,-0.150366666666662,0.24722348863595853,3.0,206.0,-0.4348333333333301,216.0,-0.028833333333327715,226.0,0.012566666666671722,,,,,,,,,,
84,Carbon Transition__GM+5,-0.037199999999995015,0.06624457210468992,3.0,207.0,-0.1134333333333295,217.0,0.006366666666671961,227.0,-0.004533333333327505,,,,,,,,,,
85,Carbon Transition__GM+15,-0.11613333333332794,0.1685894124789575,3.0,208.0,-0.3106333333333282,219.0,-0.011833333333328255,229.0,-0.02593333333332737,,,,,,,,,,
86,Carbon Transition__GM+25,-0.00853333333332884,0.02545014734731393,3.0,209.0,0.009566666666671608,220.0,0.002466666666670392,230.0,-0.03763333333332852,,,,,,,,,,
87,Carbon Transition__GM+45,-0.14879999999999546,0.1060928524139729,3.0,210.0,-0.030733333333330393,221.0,-0.23613333333332776,231.0,-0.17953333333332822,,,,,,,,,,
88,Carbon Transition__GM+60,-0.09853333333332988,0.0854610437567907,3.0,211.0,-0.0007333333333292558,222.0,-0.13603333333333012,232.0,-0.15883333333333027,,,,,,,,,,
89,Carbon Transition__GM+90,-0.02693333333332859,0.006588626564011746,3.0,212.0,-0.022833333333327488,223.0,-0.03453333333332864,233.0,-0.023433333333329642,,,,,,,,,,
90,Carbon Transition__GM+120,-0.2891333333333286,0.23136533880423674,2.0,213.0,-0.45273333333332744,234.0,-0.12553333333332972,,,,,,,,,,,,
91,Carbon Transition__GM+150,-0.013366666666662752,0.02910057273205075,3.0,214.0,-0.04613333333333003,224.0,0.009466666666671841,235.0,-0.0034333333333300686,,,,,,,,,,
92,Carbon Transition__GM+10,-0.020133333333330228,0.023617366491630914,2.0,218.0,-0.0034333333333300686,228.0,-0.03683333333333039,,,,,,,,,,,,
93,Carbon Transition__MG-0.1,-0.10799999999999581,0.11372802351809778,3.0,236.0,-0.08423333333333005,244.0,-0.23173333333332735,254.0,-0.008033333333330006,,,,,,,,,,
94,Carbon Transition__MG+5,-0.03143333333332995,0.018980779752159716,3.0,237.0,-0.043133333333329915,246.0,-0.009533333333330063,256.0,-0.04163333333332986,,,,,,,,,,
95,Carbon Transition__MG+10,-0.09109999999999611,0.16155498547966146,3.0,238.0,0.00016666666667219943,247.0,0.0041666666666699825,257.0,-0.2776333333333305,,,,,,,,,,
96,Carbon Transition__MG+15,-0.016033333333329125,0.014571204480069518,3.0,239.0,-0.023633333333329176,248.0,-0.025233333333329,258.0,0.0007666666666708011,,,,,,,,,,
97,Carbon Transition__MG+25,-0.011633333333328721,0.01637711818361089,3.0,240.0,-0.001633333333330711,249.0,-0.030533333333327306,259.0,-0.0027333333333281473,,,,,,,,,,
98,Carbon Transition__MG+45,-0.06369999999999483,0.11866091746372595,3.0,241.0,-0.0106333333333275,250.0,-0.19963333333332756,260.0,0.01916666666667055,,,,,,,,,,
99,Carbon Transition__MG+120,-0.027566666666662815,0.024700674754616368,3.0,242.0,-0.05553333333332944,253.0,-0.008733333333328375,263.0,-0.018433333333330637,,,,,,,,,,
100,Carbon Transition__MG+150,-0.012783333333327818,0.0013435028842538213,2.0,243.0,-0.01373333333332738,264.0,-0.011833333333328255,,,,,,,,,,,,
101,Carbon Transition__MG-0.2,-0.011933333333328022,0.026162950903901576,2.0,245.0,0.006566666666671495,255.0,-0.03043333333332754,,,,,,,,,,,,
102,Carbon Transition__MG+60,-0.06773333333332943,0.06689230150024725,2.0,251.0,-0.02043333333332953,261.0,-0.11503333333332932,,,,,,,,,,,,
103,Carbon Transition__MG+90,-0.04888333333332895,0.06597306268470438,2.0,252.0,-0.09553333333332859,262.0,-0.0022333333333293126,,,,,,,,,,,,
