,condition,X_avg,X_std,n,rep1_idx,rep1_X,rep2_idx,rep2_X,rep3_idx,rep3_X,rep4_idx,rep4_X,rep5_idx,rep5_X,rep6_idx,rep6_X
0,amb__ctrl,-7.401486830834377e-17,0.8590484817843176,3.0,0.0,0.4545620997165583,1.0,0.5362595628021714,2.0,-0.9908216625187298,,,,,,
1,amb__amb,-0.5840880050946423,0.33031554063104857,3.0,3.0,-0.9493672108597812,4.0,-0.30638693389249605,5.0,-0.4965098705316495,,,,,,
2,ave1__ctrl_5m,0.0,0.8270958011786053,2.0,6.0,0.5848450497043123,13.0,-0.5848450497043123,,,,,,,,
3,ave1__vdave1_5m,0.6781119996565242,0.9176177716132501,2.0,7.0,0.029258250811506462,14.0,1.326965748501542,,,,,,,,
4,ave1__ctrl_20m,-0.22035636631838074,0.5154648393758974,2.0,8.0,-0.5848450497043123,15.0,0.1441323170675508,,,,,,,,
5,ave1__vdave1_20m,0.11636147048340761,0.991655770873917,2.0,9.0,-0.5848450497043123,16.0,0.8175679906711275,,,,,,,,
6,ave1__supernatant_5m,-0.5848450497043123,0.0,2.0,10.0,-0.5848450497043123,17.0,-0.5848450497043123,,,,,,,,
7,ave1__vnave1_20m,0.3173007304183081,1.2758267974870658,2.0,11.0,-0.5848450497043123,18.0,1.2194465105409285,,,,,,,,
8,ave1__supernatant_20m,0.2579708264485605,0.2865595696153,2.0,12.0,0.055342611559683334,19.0,0.4605990413374377,,,,,,,,
9,biofilm_time__8h,-5.724587470723463e-17,0.1426914817231202,4.0,20.0,0.13591100455958616,21.0,-0.17924164958975974,22.0,0.09074655861288372,23.0,-0.04741591358271036,,,,
10,biofilm_time__12h,1.385296228617538,0.2932464810713717,4.0,24.0,0.9722568984754,25.0,1.6291302019211968,26.0,1.5523876178082918,27.0,1.387410196265264,,,,
11,biofilm_time__16h,1.4684471071471015,0.8155473482076505,4.0,28.0,1.3708727376058274,29.0,0.3548948748055296,30.0,2.152811667174825,31.0,1.9952091490022237,,,,
12,biofilm_time__20h,2.30868546868564,1.2589507401406224,4.0,32.0,2.9866719197473213,33.0,0.8691773976867525,34.0,3.6725699217408634,35.0,1.706322635567623,,,,
13,biofilm_time__24h,1.3847571181594005,0.6720728656616258,4.0,36.0,2.391637866822632,37.0,1.0539906681720836,38.0,1.006294205785489,39.0,1.0871057318573971,,,,
14,biofilm_time__28h,2.5779392855926186,1.8601469283292766,4.0,40.0,4.812269421407166,41.0,1.407593833264268,42.0,0.7320846131662004,43.0,3.3598092745328416,,,,
15,biofilm_time__32h,2.9020707711482467,1.4670870108460707,4.0,44.0,0.8196072783089083,45.0,3.1919553029593857,46.0,4.261866446673442,47.0,3.334854056651253,,,,
16,codY__wt,-5.551115123125783e-17,0.7548355317845671,2.0,48.0,-0.5337493232054212,49.0,0.5337493232054211,,,,,,,,
17,codY__ctrl,-0.001177167232381586,0.10323840192214617,2.0,50.0,-0.07417774131039345,51.0,0.07182340684563028,,,,,,,,
18,codY__codYR61K,-0.12155481562114678,0.14621404318605827,2.0,52.0,-0.01816587417958226,53.0,-0.2249437570627113,,,,,,,,
19,codY__codYR61H,-0.9848449337989,0.6706038906224039,2.0,54.0,-1.4590334923480837,55.0,-0.5106563752497164,,,,,,,,
20,codY__codYF71Y,-0.02438552147675277,0.09394907903171745,2.0,56.0,0.04204650939280552,57.0,-0.09081755234631106,,,,,,,,
21,decay__wt,7.401486830834377e-17,0.3307347840830549,3.0,58.0,-0.00901807669051391,59.0,0.33515159931112537,60.0,-0.32613352262061124,,,,,,
22,decay__delpnpA,-0.01041691519787504,0.5205793424407693,3.0,61.0,-0.09903880843262347,62.0,0.5487847691548757,63.0,-0.4809967063158774,,,,,,
23,ecm_tasA__deltasA,-0.4558818274954588,0.7671370956130353,3.0,64.0,0.0063428173232162885,65.0,-0.032577916336824275,66.0,-1.3414103834727684,,,,,,
24,ecm_tasA__delcssRS,-0.05775662588149655,0.03278704614836341,3.0,67.0,-0.05855188106796794,68.0,-0.0901388102466325,69.0,-0.0245791863298892,,,,,,
25,ecm_tasA__wt,1.1058862159352145e-16,0.005905063232211799,2.0,70.0,0.0041755102548324255,71.0,-0.004175510254832204,,,,,,,,
26,heatshock__wt_37C,0.0,0.7236483811430013,3.0,72.0,-0.7619413365014416,73.0,0.08389992023152537,74.0,0.6780414162699162,,,,,,
27,heatshock__wt_48C,0.06429491978901393,0.9111298105702822,3.0,75.0,0.7682589276196903,76.0,-0.9648012092699864,77.0,0.3894270410173379,,,,,,
28,heatshock__wt_53C,1.4044426106175005,0.1065548039656709,2.0,78.0,1.3290969861653714,79.0,1.4797882350696296,,,,,,,,
29,heatshock__wt_48_53C,0.16888068880878312,0.9191270110048015,3.0,80.0,1.2094208017815276,81.0,-0.5323635849838715,82.0,-0.17041515037130672,,,,,,
30,heatshock__delrelA_37C,-0.1904429990170864,3.0512605628558997,2.0,83.0,-2.348010034179575,84.0,1.9671240361454023,,,,,,,,
31,heatshock__delrelA_48C,-0.9132428240182185,0.14523126623437402,3.0,85.0,-0.8653265104193961,86.0,-1.07637763424903,87.0,-0.7980243273862295,,,,,,
32,heatshock__ppGpp_null_37C,0.016385616894587396,0.8649725498840506,3.0,88.0,0.3147928956302892,89.0,-0.9582829424129792,90.0,0.6926468974664521,,,,,,
33,heatshock__ppGpp_null_48C,0.08213426150263015,0.46192284867562733,3.0,91.0,-0.11262174123772485,92.0,0.6095416719555535,93.0,-0.25051714620993826,,,,,,
34,ldar__yfiJKplus,-1.2808964253318635,0.0,2.0,94.0,-1.2808964253318635,95.0,-1.2808964253318635,,,,,,,,
35,ldar__yfiJ_A152E,-1.0504055485776436,0.32596332390908345,2.0,96.0,-0.8199146718234236,97.0,-1.2808964253318635,,,,,,,,
36,ldar__wt,7.401486830834377e-17,0.5390153259445993,3.0,98.0,0.5114195500449559,99.0,-0.5629150068741244,100.0,0.051495456829168784,,,,,,
37,mk7__shake,0.0,0.0,4.0,101.0,0.0,102.0,0.0,103.0,0.0,104.0,0.0,,,,
38,mk7__static,0.6534278682381821,0.43649501315574885,4.0,105.0,0.8327943933216948,106.0,0.0,107.0,0.8842827126693729,108.0,0.8966343669616607,,,,
39,nusA__nusA_induced,-0.6509140687985494,0.42842323966412327,6.0,109.0,-0.8258171239864175,110.0,-0.8258171239864175,111.0,-0.8258171239864175,112.0,-0.8258171239864175,113.0,-0.8258171239864175,114.0,0.22360120714079168
40,nusA__no_nusA,6.938893903907228e-17,1.0561881158586037,6.0,115.0,0.4889362732529677,116.0,-0.8258171239864175,117.0,-0.8258171239864175,118.0,1.805303197083037,119.0,-0.8258171239864175,120.0,0.18321190162324816
41,pamR__wt_exp,0.0,0.21665958926822157,2.0,121.0,-0.1532014647806516,122.0,0.1532014647806516,,,,,,,,
42,pamR__delydhC_exp,0.36223160442123675,0.1855976745991762,3.0,123.0,0.15176229106149336,124.0,0.4324877260112808,125.0,0.5024447961909361,,,,,,
43,pamR__wt_stat,0.9374047465160572,1.283735391288438,3.0,126.0,-0.1532014647806516,127.0,2.3521387716498285,128.0,0.6132769326789944,,,,,,
44,pamR__delydhC_stat,0.6696130248356301,0.5671470173949338,2.0,129.0,1.0706465267653127,130.0,0.2685795229059476,,,,,,,,
45,rho_strains__ncib3610,0.0,0.08844417545836272,2.0,131.0,-0.06253947622306111,132.0,0.06253947622306111,,,,,,,,
46,rho_strains__ncib3610_delrho,-0.030591697326511784,0.10642258941612869,2.0,133.0,-0.10584383197408807,134.0,0.044660437321064506,,,,,,,,
47,rnase_j1__delrnjA,0.2042911476450853,0.7940253253450583,3.0,135.0,0.7298873367717551,136.0,-0.709112589201628,137.0,0.5920986953651288,,,,,,
48,rnase_j1__wt,-1.850371707708594e-17,0.6658330329353445,3.0,138.0,0.7684746599666791,139.0,-0.40469828034499655,140.0,-0.3637763796216826,,,,,,
49,sigI__delrsgI_37C,0.0,0.0,3.0,141.0,0.0,142.0,0.0,143.0,0.0,,,,,,
50,sigI__delrsgI_52C,0.7606230076484096,1.317437694652896,3.0,144.0,0.0,145.0,2.2818690229452288,146.0,0.0,,,,,,
51,sigI__delrsgI_sigI_37C,0.0,0.0,3.0,147.0,0.0,148.0,0.0,149.0,0.0,,,,,,
52,sigI__delrsgI_sigI_52C,0.7830035077442355,1.356201857917667,3.0,150.0,0.0,151.0,0.0,152.0,2.3490105232327068,,,,,,
53,sigI__wt_37C,0.0,0.0,3.0,153.0,0.0,154.0,0.0,155.0,0.0,,,,,,
54,sigI__wt_52C,0.6782332915002637,1.1747345202631296,3.0,156.0,0.0,157.0,2.034699874500791,158.0,0.0,,,,,,
55,spbeta__spbeta_nopep_20m,0.1118854908490512,0.8607884103676819,2.0,159.0,0.7205548129868278,161.0,-0.4967838312887254,,,,,,,,
56,spbeta__spbeta_pep_20m,0.12874398371951346,0.8846299196262598,2.0,160.0,-0.4967838312887254,162.0,0.7542717987277523,,,,,,,,
57,spbeta__phi3T_pep_10m,3.700743415417188e-17,0.8604548361707978,3.0,163.0,0.9935676625774509,167.0,-0.4967838312887254,171.0,-0.4967838312887254,,,,,,
58,spbeta__phi3T_pep_20m,0.9516592790758787,0.8078055557631852,3.0,164.0,0.5116593832661696,168.0,1.883944201332609,172.0,0.4593742526288574,,,,,,
59,spbeta__phi3T_nopep_10m,2.0073827895983407,0.10956067083583783,3.0,165.0,1.94317937864132,169.0,1.9450812000596125,173.0,2.1338877900940894,,,,,,
60,spbeta__phi3T_nopep_20m,1.4784278778973217,0.6323325306794457,3.0,166.0,1.1524639121143314,170.0,1.0755874070864728,174.0,2.207232314491161,,,,,,
61,spore_genes__wt_0h,0.0,0.0,3.0,175.0,0.0,186.0,0.0,197.0,0.0,,,,,,
62,spore_genes__delyphF_0h,0.42725625827206787,0.740029547178992,3.0,176.0,0.0,177.0,1.2817687748162037,178.0,0.0,,,,,,
63,spore_genes__delygaB_0h,0.0,0.0,3.0,179.0,0.0,180.0,0.0,181.0,0.0,,,,,,
64,spore_genes__wt_3h,0.0,0.0,3.0,182.0,0.0,183.0,0.0,184.0,0.0,,,,,,
65,spore_genes__delyizD_3h,0.6616733257212848,1.146051818162336,3.0,185.0,0.0,187.0,0.0,188.0,1.9850199771638544,,,,,,
66,spore_genes__delykzB_3h,0.0,0.0,3.0,189.0,0.0,190.0,0.0,191.0,0.0,,,,,,
67,spore_genes__delyphF_3h,1.7661378771930802,0.24208882671790546,3.0,192.0,1.6460692832758383,193.0,1.6075522995114837,194.0,2.0447920487919187,,,,,,
68,spore_genes__delygaB_3h,0.2408556947628994,0.41717430062164296,3.0,195.0,0.0,196.0,0.0,198.0,0.7225670842886982,,,,,,
69,spore_genes__delyizD_0h,0.0,0.0,3.0,199.0,0.0,200.0,0.0,201.0,0.0,,,,,,
70,spore_genes__delykzB_0h,0.0,0.0,3.0,202.0,0.0,203.0,0.0,204.0,0.0,,,,,,
71,swarming__comIQ12L,-3.700743415417188e-17,0.6109858711981918,3.0,205.0,-0.3527528572073341,206.0,0.7055057144146681,207.0,-0.3527528572073341,,,,,,
72,swarming__comIQ12L_delefp,0.05944293108612638,0.7139440479901783,3.0,208.0,-0.3527528572073341,209.0,-0.3527528572073341,210.0,0.8838345076730474,,,,,,
73,swarming__comIQ12L_delefp_fliYS164A,0.09847635865012873,0.7815519277245898,3.0,211.0,1.0009347903650545,212.0,-0.3527528572073341,213.0,-0.3527528572073341,,,,,,
74,swarming__comIQ12L_delefp_nusGN21S,0.08558075465500768,0.7592160864107519,3.0,214.0,0.9622479783796912,215.0,-0.3527528572073341,216.0,-0.3527528572073341,,,,,,
75,synant49__ctrl,-1.1102230246251565e-16,0.8590485362810876,3.0,217.0,0.4545621721390352,218.0,0.5362595555677565,219.0,-0.990821727706792,,,,,,
76,synant49__synant49,-0.3325150884051997,0.47785880750368304,3.0,220.0,-0.17927394471880964,221.0,0.04992523311991137,222.0,-0.8681965536167009,,,,,,
77,tasA__wt_72h,0.3516138241179534,0.27357253269389104,2.0,223.0,0.15816883110372454,224.0,0.5450588171321822,,,,,,,,
78,tasA__deltasA_72h,0.4333151279764146,0.04698790432581496,2.0,225.0,0.466540593758943,226.0,0.4000896621938861,,,,,,,,
79,tasA__wt_24h,0.0,0.32506947695266186,2.0,227.0,-0.2298588315099913,228.0,0.2298588315099913,,,,,,,,
80,tasA__wt_48h,0.32355176792505413,0.7826407752820655,2.0,229.0,-0.2298588315099913,230.0,0.8769623673600996,,,,,,,,
81,tasA__deltasA_24h,0.16935313139196917,0.5645709721975374,2.0,231.0,0.5685650942939297,232.0,-0.2298588315099913,,,,,,,,
82,tasA__deltasA_48h,0.14036809189523025,0.5235799362353294,2.0,233.0,-0.2298588315099913,234.0,0.5105950153004518,,,,,,,,
83,yacP__wt,-9.25185853854297e-18,0.39862948727648495,3.0,235.0,0.4601401220083556,239.0,-0.2196408129529035,243.0,-0.2404993090554521,,,,,,
84,yacP__delyacP,-0.055790843823376866,0.4917462889592065,3.0,236.0,0.1919563785790188,240.0,-0.6221352428163507,244.0,0.2628063327672013,,,,,,
85,yacP__yacP_induced,0.3467495462085423,0.2628289294365742,3.0,237.0,0.08964662463119223,241.0,0.3356492546413341,245.0,0.6149527593531006,,,,,,
86,yacP__yacP_no_induce,-0.4287357056574221,0.3349778245195694,3.0,238.0,-0.6221352428163507,242.0,-0.041936631339564816,246.0,-0.6221352428163507,,,,,,
87,yonO__wt,3.700743415417188e-17,0.2829684981890865,3.0,247.0,0.19867594553160045,248.0,0.12531080303262354,249.0,-0.3239867485642239,,,,,,
88,yonO__wt_mmc,0.3008631340736849,0.13381718085198674,3.0,250.0,0.3473615786536893,251.0,0.14999941856326704,252.0,0.4052284050040984,,,,,,
89,yonO__delyonO,-0.18863176475915502,0.2344417090080418,3.0,253.0,-0.3239867485642239,254.0,-0.3239867485642239,255.0,0.08207820285098266,,,,,,
90,yonO__delyonO_mmc,-0.3239867485642239,0.0,3.0,256.0,-0.3239867485642239,257.0,-0.3239867485642239,258.0,-0.3239867485642239,,,,,,
91,yydF__ctrl,-1.4802973661668753e-16,0.21599059146827712,3.0,259.0,0.1990577995955638,260.0,0.030601534451648593,261.0,-0.22965933404721284,,,,,,
92,yydF__yydF,-0.08079508062176455,0.5140252595967402,3.0,262.0,0.4783403704613707,263.0,-0.18788779924916987,264.0,-0.5328378130774944,,,,,,
