,condition,A_avg,A_std,n,rep1_idx,rep1_A,rep2_idx,rep2_A,rep3_idx,rep3_A,rep4_idx,rep4_A,rep5_idx,rep5_A,rep6_idx,rep6_A
0,amb__ctrl,2.0816681711721685e-15,0.1685388941215359,3.0,0.0,-0.13787409627645714,1.0,-0.05001003679314662,2.0,0.18788413306961,,,,,,
1,amb__amb,0.7853254184467611,0.313356470822898,3.0,3.0,0.4390387450601779,4.0,0.8676038406641006,5.0,1.049333669616005,,,,,,
2,ave1__ctrl_5m,7.993605777301127e-15,0.3568464650962843,2.0,6.0,0.2523285553120393,13.0,-0.2523285553120233,,,,,,,,
3,ave1__vdave1_5m,0.4505617996189092,1.0497460316351763,2.0,7.0,1.1928443371118105,14.0,-0.2917207378739921,,,,,,,,
4,ave1__ctrl_20m,0.24683140426251532,0.06944520902616264,2.0,8.0,0.19772622603919848,15.0,0.29593658248583216,,,,,,,,
5,ave1__vdave1_20m,0.4415483467568936,0.4541485405919594,2.0,9.0,0.120416834038345,16.0,0.7626798594754421,,,,,,,,
6,ave1__supernatant_5m,0.3145727821764326,0.09780887595605403,2.0,10.0,0.2454114627276729,17.0,0.3837341016251922,,,,,,,,
7,ave1__vnave1_20m,0.701141183192443,0.0038967348941082204,2.0,11.0,0.6983857755243329,18.0,0.7038965908605532,,,,,,,,
8,ave1__supernatant_20m,0.22091157012897,0.2150181908317144,2.0,12.0,0.06887074931340162,19.0,0.3729523909445384,,,,,,,,
9,biofilm_time__8h,2.895253481405291e-15,0.1364832114442418,4.0,20.0,-0.1937697296069194,21.0,0.12260145411292442,22.0,0.01592816362381017,23.0,0.0552401118701964,,,,
10,biofilm_time__12h,0.41753588108953094,0.47779779904627956,4.0,24.0,0.059670064151452235,25.0,1.0882526324035302,26.0,0.43141228312868696,27.0,0.09080854467445416,,,,
11,biofilm_time__16h,0.5667658846455749,0.5104814643904468,4.0,28.0,0.44324449048781933,29.0,-0.09395337006329918,30.0,0.852938555887459,31.0,1.0648338622703202,,,,
12,biofilm_time__20h,1.347430406757276,0.9628050959986609,4.0,32.0,2.001656357084048,33.0,0.6032156502746588,34.0,2.3398066674245355,35.0,0.4450429522458614,,,,
13,biofilm_time__24h,0.2963258683601051,0.5870009240195531,4.0,36.0,1.119724053447845,37.0,-0.003943981615563296,38.0,0.2884663252107492,39.0,-0.21894292360261056,,,,
14,biofilm_time__28h,0.6326107141179205,2.322863134821797,4.0,40.0,2.8947930706654192,41.0,-1.176019917016586,42.0,-1.5557475546293076,43.0,2.367417257452156,,,,
15,biofilm_time__32h,0.7682185876767746,1.9035300654662006,4.0,44.0,-1.8805176926262483,45.0,1.2128111137003792,46.0,2.6537727201507213,47.0,1.0868082094822464,,,,
16,codY__wt,-1.1657341758564144e-15,0.3061937340349992,2.0,48.0,0.21651166569297695,49.0,-0.21651166569297928,,,,,,,,
17,codY__ctrl,-1.7310998836240281,0.8369591400779218,2.0,50.0,-1.1392804000988679,51.0,-2.322919367149188,,,,,,,,
18,codY__codYR61K,-0.3351727089762138,0.07265638282884397,2.0,52.0,-0.3865485299709752,53.0,-0.2837968879814524,,,,,,,,
19,codY__codYR61H,-1.4368495847521496,0.5385425761967232,2.0,54.0,-1.0560424771657737,55.0,-1.8176566923385256,,,,,,,,
20,codY__codYF71Y,-0.8041135923376528,0.23286750349849455,2.0,56.0,-0.6394514014958852,57.0,-0.9687757831794204,,,,,,,,
21,decay__wt,-1.3877787807814457e-15,0.28185025729942936,3.0,58.0,0.2594233522673558,59.0,0.040477074268717515,60.0,-0.29990042653607746,,,,,,
22,decay__delpnpA,-0.7910378598672234,0.38884396728620424,3.0,61.0,-1.1774641316331105,62.0,-0.7958289745995439,63.0,-0.3998204733690159,,,,,,
23,ecm_tasA__deltasA,-0.6687472035981473,0.297379310757722,3.0,64.0,-1.0061299807481014,65.0,-0.5554101348968357,66.0,-0.4447014951495048,,,,,,
24,ecm_tasA__delcssRS,0.10737013946506768,0.39540870968581815,3.0,67.0,0.4763682350089497,68.0,-0.3099987256064639,69.0,0.15574090899271728,,,,,,
25,ecm_tasA__wt,-1.7832957333041577e-15,0.06398850661079673,2.0,70.0,0.04524670694249282,71.0,-0.045246706942496384,,,,,,,,
26,heatshock__wt_37C,-7.956598343146956e-16,0.35449554846953113,3.0,72.0,0.3978227157614636,73.0,-0.11542537700463912,74.0,-0.2823973387568269,,,,,,
27,heatshock__wt_48C,-0.11861837296697751,0.35998046267066414,3.0,75.0,-0.4144220427394525,76.0,0.2821887311732592,77.0,-0.22362180733473924,,,,,,
28,heatshock__wt_53C,6.902079456995072,0.8011510802724523,2.0,78.0,6.335580095379492,79.0,7.46857881861065,,,,,,,,
29,heatshock__wt_48_53C,-0.7720349160406546,1.2105115939219762,3.0,80.0,-1.5542484650344346,81.0,0.622289079125538,82.0,-1.3841453622130668,,,,,,
30,heatshock__delrelA_37C,-0.13936946026223027,0.8904823454503933,2.0,83.0,0.4902966447326446,84.0,-0.7690355652571051,,,,,,,,
31,heatshock__delrelA_48C,0.3482085183934809,0.8422471176039923,3.0,85.0,-0.4917256127979908,86.0,0.3436014461087354,87.0,1.192749721869698,,,,,,
32,heatshock__ppGpp_null_37C,-0.1363779974386319,0.724946038593792,3.0,88.0,0.18059225899930792,89.0,0.3761019638016648,90.0,-0.9658282151168684,,,,,,
33,heatshock__ppGpp_null_48C,-0.12493231980196295,1.2881613770722435,3.0,91.0,-0.060980260166208174,92.0,1.1300618652382648,93.0,-1.4438785644779455,,,,,,
34,ldar__yfiJKplus,-4.981744592254245,1.41902933682286,2.0,94.0,-5.985149859024339,95.0,-3.9783393254841513,,,,,,,,
35,ldar__yfiJ_A152E,-4.12999092298079,0.017851214694026167,2.0,96.0,-4.142613637943353,97.0,-4.1173682080182274,,,,,,,,
36,ldar__wt,-6.476300976980079e-16,0.4251243491339619,3.0,98.0,0.2986721503040288,99.0,-0.4867185320183293,100.0,0.18804638171429855,,,,,,
37,mk7__shake,-2.9282132274488504e-15,0.24600462057196892,4.0,101.0,0.35911925604557177,102.0,-0.1453478286158681,103.0,-0.0412614914736248,104.0,-0.1725099359560906,,,,
38,mk7__static,-3.1048837026293357,0.5041723046186338,4.0,105.0,-2.831783266691489,106.0,-2.5777330895566277,107.0,-3.7170194279974176,108.0,-3.2929990262718074,,,,
39,nusA__nusA_induced,-0.16744406368584638,4.752363126565915,6.0,109.0,6.788062129433127,110.0,-3.3755260739592194,111.0,-2.273046776498973,112.0,-3.6788937399333053,113.0,4.9947997206108585,114.0,-3.4600596417675664
40,nusA__no_nusA,-7.401486830834377e-16,5.533992460564565,6.0,115.0,-1.3992489351027773,116.0,-3.572552587631161,117.0,10.895749511098806,118.0,-3.652752735148929,119.0,0.2364827832601505,120.0,-2.5076780364760944
41,pamR__wt_exp,4.1494585545365226e-15,0.203139056592044,2.0,121.0,-0.143641004440068,122.0,0.1436410044400763,,,,,,,,
42,pamR__delydhC_exp,0.5043619881607609,0.5614924014757804,3.0,123.0,-0.13720640581606527,124.0,0.9061783627241102,125.0,0.7441140075742376,,,,,,
43,pamR__wt_stat,-3.9224521976107383,1.4179988474212957,3.0,126.0,-2.9941020936857914,127.0,-3.218575326628419,128.0,-5.5546791725180045,,,,,,
44,pamR__delydhC_stat,-4.793916446190294,0.003665372442049305,2.0,129.0,-4.7913246364809465,130.0,-4.796508255899641,,,,,,,,
45,rho_strains__ncib3610,8.604228440844963e-16,0.481918590882743,2.0,131.0,-0.3407679035930522,132.0,0.3407679035930539,,,,,,,,
46,rho_strains__ncib3610_delrho,-0.8465536107845326,0.06681626120669922,2.0,133.0,-0.799307379391744,134.0,-0.8937998421773213,,,,,,,,
47,rnase_j1__delrnjA,1.365749288862366,1.448774944620338,3.0,135.0,2.81532673939274,136.0,1.3641429412482506,137.0,-0.08222181405389371,,,,,,
48,rnase_j1__wt,-7.401486830834377e-17,1.3548878878030783,3.0,138.0,1.3070060555439789,139.0,0.09115969225232733,140.0,-1.3981657477963063,,,,,,
49,sigI__delrsgI_37C,0.5335784902215076,3.339844303148256,3.0,141.0,3.0595132491361063,142.0,-3.253136135802323,143.0,1.7943583573307396,,,,,,
50,sigI__delrsgI_52C,-0.6178988266333255,2.3335551255620333,3.0,144.0,0.65776111053687,145.0,-3.311208865070972,146.0,0.7997512746341251,,,,,,
51,sigI__delrsgI_sigI_37C,0.12879456010874094,2.9136934465444164,3.0,147.0,1.7687409868405235,148.0,-3.2352976144150447,149.0,1.852940307900744,,,,,,
52,sigI__delrsgI_sigI_52C,-0.2753187554345045,2.8614009198120423,3.0,150.0,2.7555888488789786,151.0,-0.6515559212629188,152.0,-2.9299891939195732,,,,,,
53,sigI__wt_37C,0.0,3.129679000055033,3.0,153.0,-0.03057385887024788,154.0,3.1448539238851243,155.0,-3.1142800650148765,,,,,,
54,sigI__wt_52C,-0.9427064787123814,3.5784739039551403,3.0,156.0,2.7004587640742237,157.0,-1.0758028722667785,158.0,-4.45277532794459,,,,,,
55,spbeta__spbeta_nopep_20m,-0.8073509121167557,0.14601820946441318,2.0,159.0,-0.91060137820576,161.0,-0.7041004460277515,,,,,,,,
56,spbeta__spbeta_pep_20m,-0.9458623678118167,0.4548463248248075,2.0,160.0,-0.6242374471304162,162.0,-1.2674872884932171,,,,,,,,
57,spbeta__phi3T_pep_10m,-1.7763568394002505e-15,1.0429862338229219,3.0,163.0,-0.5769590601950396,167.0,-0.6270306916303819,171.0,1.2039897518254161,,,,,,
58,spbeta__phi3T_pep_20m,-0.6252112981069462,0.6367463177774123,3.0,164.0,-0.21756200787581595,168.0,-1.358953309736985,172.0,-0.29911857670803754,,,,,,
59,spbeta__phi3T_nopep_10m,-0.2789009984178048,0.2335135290456528,3.0,165.0,-0.16825045276982345,169.0,-0.547172064363444,173.0,-0.12128047812014695,,,,,,
60,spbeta__phi3T_nopep_20m,-0.9695296137450559,0.8249301394277954,3.0,166.0,-0.0508986694761424,170.0,-1.210676284007968,174.0,-1.6470138877510572,,,,,,
61,spore_genes__wt_0h,7.586524001605236e-16,0.08456437386587615,3.0,175.0,-0.06024471784792306,186.0,-0.0364288529800719,197.0,0.09667357082799724,,,,,,
62,spore_genes__delyphF_0h,-0.5370239391222648,0.16499420221945815,3.0,176.0,-0.3493985975513985,177.0,-0.6594833403729232,178.0,-0.6021898794424727,,,,,,
63,spore_genes__delygaB_0h,0.393399715095979,0.38082366242427723,3.0,179.0,0.16864954886293446,180.0,0.8331006052395428,181.0,0.17844899118545984,,,,,,
64,spore_genes__wt_3h,-1.1492412286810263,0.21477717957662498,3.0,182.0,-1.3349990218361203,183.0,-0.9140606505304852,184.0,-1.1986640136764737,,,,,,
65,spore_genes__delyizD_3h,-0.743279177066202,0.40565482556825705,3.0,185.0,-1.0537451464946468,187.0,-0.2842962970812896,188.0,-0.8917960876226693,,,,,,
66,spore_genes__delykzB_3h,-1.0192036851236341,0.8152529352843277,3.0,189.0,-0.09967221830292512,190.0,-1.653565408277822,191.0,-1.3043734287901552,,,,,,
67,spore_genes__delyphF_3h,-1.658059594626229,0.39187439876285196,3.0,192.0,-2.033491998312183,193.0,-1.2515891308757707,194.0,-1.6890976546907337,,,,,,
68,spore_genes__delygaB_3h,-1.172459060081663,0.37191887286615094,3.0,195.0,-1.2215515498424765,196.0,-0.7784319718807375,198.0,-1.5173936585217742,,,,,,
69,spore_genes__delyizD_0h,1.0196029629155554,0.8828423520243401,3.0,199.0,0.3625040422489612,200.0,0.6731884428232551,201.0,2.0231164036744502,,,,,,
70,spore_genes__delykzB_0h,0.5452542976509703,0.5623714791460045,3.0,202.0,0.08920217109924725,203.0,1.1736227443408334,204.0,0.37293797751283053,,,,,,
71,swarming__comIQ12L,2.9605947323337506e-16,7.162379540404071,3.0,205.0,8.265179191847066,206.0,-3.8780500591270917,207.0,-4.3871291327199735,,,,,,
72,swarming__comIQ12L_delefp,-0.7617605124791454,7.339814567692251,3.0,208.0,7.705703756731997,209.0,-4.680191956740002,210.0,-5.310793337429431,,,,,,
73,swarming__comIQ12L_delefp_fliYS164A,-0.5317304967441695,6.978359423251626,3.0,211.0,7.512192842366009,212.0,-4.142628635961569,213.0,-4.964755696636948,,,,,,
74,swarming__comIQ12L_delefp_nusGN21S,-0.21340954476597643,7.782418496284608,3.0,214.0,8.735690034883712,215.0,-3.979969089991288,216.0,-5.395949579190353,,,,,,
75,synant49__ctrl,9.3443771239284e-16,0.16865932556221475,3.0,217.0,-0.1379798700039236,218.0,-0.050035838275828255,219.0,0.18801570827975464,,,,,,
76,synant49__synant49,2.757643563439375,0.5800408190613223,3.0,220.0,2.252294174158996,221.0,2.629642742918961,222.0,3.390993773240168,,,,,,
77,tasA__wt_72h,-0.2562754636569208,0.9740178766031222,2.0,223.0,-0.9450101091999104,224.0,0.4324591818860688,,,,,,,,
78,tasA__deltasA_72h,-0.713178065710717,0.1238895957407331,2.0,225.0,-0.6255748924439846,226.0,-0.8007812389774494,,,,,,,,
79,tasA__wt_24h,-1.887379141862766e-15,0.763178654864133,2.0,227.0,-0.5396488021112581,228.0,0.5396488021112543,,,,,,,,
80,tasA__wt_48h,-0.6191798922939695,0.48071305149902815,2.0,229.0,-0.9590953508138104,230.0,-0.27926443377412863,,,,,,,,
81,tasA__deltasA_24h,-0.8461607170566521,0.0036771637064912242,2.0,231.0,-0.8487608644490451,232.0,-0.8435605696642591,,,,,,,,
82,tasA__deltasA_48h,-1.2176155141175122,0.17212802488158363,2.0,233.0,-1.0959026204914977,234.0,-1.3393284077435268,,,,,,,,
83,yacP__wt,2.255140518769849e-16,0.21118639245524434,3.0,235.0,-0.22445857897318705,239.0,0.19477292705039145,243.0,0.029685651922796274,,,,,,
84,yacP__delyacP,-0.10212910374726807,0.2804023453021426,3.0,236.0,-0.2761897230572584,240.0,0.22133862015303846,244.0,-0.2515362083375842,,,,,,
85,yacP__yacP_induced,0.8064249012446235,0.11620751806538254,3.0,237.0,0.9311023761305038,241.0,0.7011230086920232,245.0,0.7870493189113436,,,,,,
86,yacP__yacP_no_induce,0.9558473040309815,0.19902505231120596,3.0,238.0,1.0727684833728848,242.0,1.0687286234583355,246.0,0.7260448052617238,,,,,,
87,yonO__wt,-1.008452580701184e-15,0.17783618221958877,3.0,247.0,0.12556230462623386,248.0,-0.2034982033380395,249.0,0.07793589871180262,,,,,,
88,yonO__wt_mmc,-2.1285393970315742,0.3564460270619152,3.0,250.0,-1.8109608455839692,251.0,-2.5140700848387327,252.0,-2.060587260672021,,,,,,
89,yonO__delyonO,0.4054852395921684,0.3125266758510079,3.0,253.0,0.6718857192565456,254.0,0.48310722687188395,255.0,0.061462772648075724,,,,,,
90,yonO__delyonO_mmc,-1.6984475847517775,0.6627552841218605,3.0,256.0,-1.4784099450634256,257.0,-2.443235767807295,258.0,-1.1736970413846115,,,,,,
91,yydF__ctrl,-1.2952601953960159e-15,0.4653963389856555,3.0,259.0,0.026215770823360948,260.0,0.4517343484283097,261.0,-0.4779501192516745,,,,,,
92,yydF__yydF,0.6950041268363519,0.4516407471779018,3.0,262.0,0.677575906901689,263.0,1.1551067140312763,264.0,0.2523297595760905,,,,,,
