,condition,X_avg,X_std,n,rep1_idx,rep1_X,rep2_idx,rep2_X,rep3_idx,rep3_X,rep4_idx,rep4_X,rep5_idx,rep5_X,rep6_idx,rep6_X
0,amb__ctrl,2.9605947323337506e-16,0.32019161099128385,3.0,0.0,0.17176377171150306,1.0,0.19765924483743905,2.0,-0.3694230165489412,,,,,,
1,amb__amb,0.048375744284346524,0.379180299049802,3.0,3.0,-0.3636933098357011,4.0,0.12624233399280715,5.0,0.3825782086959335,,,,,,
2,ave1__ctrl_5m,0.0,0.2539657263105181,2.0,6.0,0.17958088726313415,13.0,-0.17958088726313415,,,,,,,,
3,ave1__vdave1_5m,0.036820965554105835,0.22702783492177092,2.0,7.0,-0.12371195603717845,14.0,0.19735388714539012,,,,,,,,
4,ave1__ctrl_20m,0.08798439560753768,0.2646359672734826,2.0,8.0,0.2751102826124785,15.0,-0.09914149139740314,,,,,,,,
5,ave1__vdave1_20m,-0.01941987063058459,0.046801172449937256,2.0,9.0,0.01367355577624707,16.0,-0.05251329703741625,,,,,,,,
6,ave1__supernatant_5m,0.25143010463549587,0.09220975648025466,2.0,10.0,0.1862279605367476,17.0,0.3166322487342441,,,,,,,,
7,ave1__vnave1_20m,0.011662572257662651,0.16814395610828395,2.0,11.0,-0.10723315932203814,18.0,0.13055830383736344,,,,,,,,
8,ave1__supernatant_20m,0.10183287701401444,0.06315805649080172,2.0,12.0,0.0571733869828055,19.0,0.1464923670452234,,,,,,,,
9,biofilm_time__8h,4.440892098500626e-16,0.10085894763924372,4.0,20.0,0.11401015914577872,21.0,0.05525705910359857,22.0,-0.09300700152328822,23.0,-0.0762602167260873,,,,
10,biofilm_time__12h,-0.731433628710066,0.31095970153624486,4.0,24.0,-0.2696206404347929,25.0,-0.9468401431334366,26.0,-0.8492271445385908,27.0,-0.8600465867334437,,,,
11,biofilm_time__16h,-1.5335767752518,0.3231201222361223,4.0,28.0,-1.6261254530237483,29.0,-1.9126246426984148,30.0,-1.4555372518094902,31.0,-1.1400197534755463,,,,
12,biofilm_time__20h,-0.8117217534380696,0.5452871669866817,4.0,32.0,-0.5136252037713751,33.0,-1.4093351651028216,34.0,-0.2141041004698323,35.0,-1.1098225444082497,,,,
13,biofilm_time__24h,-1.597184968421097,0.5351245386487123,4.0,36.0,-0.8021830792201694,37.0,-1.9457781175705893,38.0,-1.8746537214610568,39.0,-1.7661249554325722,,,,
14,biofilm_time__28h,-0.6840743229721441,1.1433080691819038,4.0,40.0,0.8081992655734886,41.0,-1.7044978833296842,42.0,-1.4405731037002705,43.0,-0.3994255704321104,,,,
15,biofilm_time__32h,-0.6214446988030438,0.9273513178194919,4.0,44.0,-1.8143300000653149,45.0,-0.36196968368590543,46.0,0.41710456350406394,47.0,-0.7265836749650187,,,,
16,codY__wt,4.163336342344337e-16,0.3213202285602193,2.0,48.0,-0.227207712547342,49.0,0.22720771254734284,,,,,,,,
17,codY__ctrl,0.29697229222340216,0.36286124098741485,2.0,50.0,0.04039064809143511,51.0,0.5535539363553692,,,,,,,,
18,codY__codYR61K,0.29439679265016583,0.3003780393953314,2.0,52.0,0.08199744407420706,53.0,0.5067961412261246,,,,,,,,
19,codY__codYR61H,0.1048083732466818,0.371130756337415,2.0,54.0,-0.1576207012663966,55.0,0.3672374477597602,,,,,,,,
20,codY__codYF71Y,0.3479806416977951,0.06222037875346134,2.0,56.0,0.3039841899532272,57.0,0.391977093442363,,,,,,,,
21,decay__wt,-7.401486830834377e-17,0.9480183433242685,3.0,58.0,0.4496075811307394,59.0,0.6395621889373029,60.0,-1.0891697700680425,,,,,,
22,decay__delpnpA,1.1244709163445623,0.23024701028035238,3.0,61.0,0.9913291042385706,62.0,1.3903371538654334,63.0,0.9917464909296828,,,,,,
23,ecm_tasA__deltasA,0.8903384946971862,0.3084866369465259,3.0,64.0,0.9464758235485426,65.0,1.1669015019779372,66.0,0.5576381585650787,,,,,,
24,ecm_tasA__delcssRS,1.2525454845868347,0.44433781855510185,3.0,67.0,1.2485184480014135,68.0,0.8102348709324256,69.0,1.6988831348266649,,,,,,
25,ecm_tasA__wt,1.1102230246251565e-16,0.1991063710248304,2.0,70.0,-0.14078946512910218,71.0,0.1407894651291024,,,,,,,,
26,heatshock__wt_37C,-1.4802973661668753e-16,0.7204216794688787,3.0,72.0,0.8124800245073973,73.0,-0.25159670143456303,74.0,-0.5608833230728347,,,,,,
27,heatshock__wt_48C,1.2005194027360107,0.6020026104853397,3.0,75.0,0.922925776170997,76.0,1.891234214365216,77.0,0.7873982176718188,,,,,,
28,heatshock__wt_53C,0.8367259373073825,0.27795469952390817,2.0,78.0,1.0332695902034073,79.0,0.6401822844113578,,,,,,,,
29,heatshock__wt_48_53C,3.0180622275301836,0.1173265480996296,3.0,80.0,2.885264158091154,81.0,3.061244383606677,82.0,3.107678140892719,,,,,,
30,heatshock__delrelA_37C,1.4768661367183538,0.24123553350401725,2.0,83.0,1.647445418322199,84.0,1.3062868551145086,,,,,,,,
31,heatshock__delrelA_48C,1.707987296866736,0.45133907873245743,3.0,85.0,1.974354969806456,86.0,1.186868979974509,87.0,1.962737940819244,,,,,,
32,heatshock__ppGpp_null_37C,0.9543805427043255,0.34472129443023103,3.0,88.0,1.1446622130914137,89.0,1.1620225261608472,90.0,0.5564568888607155,,,,,,
33,heatshock__ppGpp_null_48C,1.8369143621272528,0.332846608844067,3.0,91.0,2.146045705692505,92.0,1.880124382324586,93.0,1.484572998364667,,,,,,
34,ldar__yfiJKplus,-2.809280183906317,0.0030613326800644045,2.0,94.0,-2.8114448730038584,95.0,-2.8071154948087753,,,,,,,,
35,ldar__yfiJ_A152E,-2.2304337147047884,0.5499044743090998,2.0,96.0,-1.841592531916,97.0,-2.6192748974935762,,,,,,,,
36,ldar__wt,6.938893903907228e-18,0.06567068167410714,3.0,98.0,-0.017458399897392063,99.0,0.07263570694375067,100.0,-0.055177307046358585,,,,,,
37,mk7__shake,2.220446049250313e-16,0.9037191548701075,4.0,101.0,-1.3510926625541684,102.0,0.3550855686951744,103.0,0.4621376632416814,104.0,0.5338694306173135,,,,
38,mk7__static,-1.9341501219247963,0.18852543360247387,4.0,105.0,-1.9815844534019096,106.0,-1.966297213645,107.0,-2.118162297458095,108.0,-1.6705565231941804,,,,
39,nusA__nusA_induced,0.18874356656653637,0.4005442912845836,6.0,109.0,0.38915426802253705,110.0,0.7343347337794284,111.0,0.3929485973648901,112.0,0.12443061198639248,113.0,-0.3684500335745846,114.0,-0.13995677817944507
40,nusA__no_nusA,-1.4802973661668753e-16,0.5865324204511446,6.0,115.0,-0.2558624820772564,116.0,-0.9268985329279458,117.0,0.6106677772853217,118.0,0.6471454744192453,119.0,-0.015547916307836031,120.0,-0.05950432039152975
41,pamR__wt_exp,0.0,0.6304406226958084,2.0,121.0,0.44578883944367576,122.0,-0.44578883944367576,,,,,,,,
42,pamR__delydhC_exp,1.5600950833653655,0.24957637683167275,3.0,123.0,1.3142842439871276,124.0,1.552727169998369,125.0,1.8132738361106004,,,,,,
43,pamR__wt_stat,-0.38312451348592363,0.5647422121826347,3.0,126.0,0.005367427790590629,127.0,-0.12378556936913745,128.0,-1.0309553988792242,,,,,,
44,pamR__delydhC_stat,-1.9757811917177905,0.6178426156913583,2.0,129.0,-1.538900488456397,130.0,-2.412661894979184,,,,,,,,
45,rho_strains__ncib3610,2.255140518769849e-16,0.05234610433741758,2.0,131.0,-0.037014285345686286,132.0,0.03701428534568674,,,,,,,,
46,rho_strains__ncib3610_delrho,-0.3138203674411808,0.056104673295037044,2.0,133.0,-0.2741483724980043,134.0,-0.3534923623843573,,,,,,,,
47,rnase_j1__delrnjA,-0.8573211377212671,0.3022353434674094,3.0,135.0,-0.9929310966316232,136.0,-0.5110315857596186,137.0,-1.0680007307725594,,,,,,
48,rnase_j1__wt,2.7755575615628914e-16,0.38922131140132005,3.0,138.0,-0.4479129995023055,139.0,0.19196137658216195,140.0,0.2559516229201444,,,,,,
49,sigI__delrsgI_37C,0.5518659006802983,0.38266279865899216,3.0,141.0,0.14792045308112822,142.0,0.5987519583848835,143.0,0.9089252905748832,,,,,,
50,sigI__delrsgI_52C,1.6034555413604645,0.5126421961513447,3.0,144.0,1.9819646422302988,145.0,1.0200561359624185,146.0,1.8083458458886763,,,,,,
51,sigI__delrsgI_sigI_37C,0.6755854854957453,0.12864808818834622,3.0,147.0,0.614416920669822,148.0,0.5889343824554696,149.0,0.8234051533619442,,,,,,
52,sigI__delrsgI_sigI_52C,2.1484835461934693,0.5520447946357186,3.0,150.0,1.6514907087252713,151.0,2.7426706430104097,152.0,2.0512892868447272,,,,,,
53,sigI__wt_37C,0.0,0.375124505782035,3.0,153.0,-0.34092205640825,154.0,0.4018643739642793,155.0,-0.0609423175560293,,,,,,
54,sigI__wt_52C,2.113427567385977,0.21905796109125225,3.0,156.0,1.86085465932372,157.0,2.2278150759937674,158.0,2.251612966840444,,,,,,
55,spbeta__spbeta_nopep_20m,-0.90907527818805,0.6271325675521646,2.0,159.0,-0.4656255869689838,161.0,-1.3525249694071162,,,,,,,,
56,spbeta__spbeta_pep_20m,-1.195623299444242,0.4129831312054073,2.0,160.0,-1.4876464720352391,162.0,-0.9036001268532448,,,,,,,,
57,spbeta__phi3T_pep_10m,0.0,0.148412701270002,3.0,163.0,0.13427179922054222,167.0,0.02508472090823144,171.0,-0.15935652012877366,,,,,,
58,spbeta__phi3T_pep_20m,-0.0030207153118713324,0.354887691981157,3.0,164.0,0.3694604075135368,168.0,-0.3372093546903097,172.0,-0.041313198758841096,,,,,,
59,spbeta__phi3T_nopep_10m,0.3058147662031961,0.07983415941803805,3.0,165.0,0.28210313128893993,169.0,0.2405225973790577,173.0,0.3948185699415907,,,,,,
60,spbeta__phi3T_nopep_20m,0.002500573047382104,0.38870247618168513,3.0,166.0,0.4190841563722785,170.0,-0.3504743329301627,174.0,-0.06110810429996949,,,,,,
61,spore_genes__wt_0h,8.326672684688674e-17,0.30185804329691274,3.0,175.0,0.3472293179727184,186.0,-0.14730631699771402,197.0,-0.19992300097500412,,,,,,
62,spore_genes__delyphF_0h,-0.2635282801827456,0.26987893311088706,3.0,176.0,-0.038273674550854515,177.0,-0.5626493108242847,178.0,-0.18966185517309755,,,,,,
63,spore_genes__delygaB_0h,-0.23729173356582045,0.5513914335288393,3.0,179.0,0.3438690340037707,180.0,-0.3026574760693901,181.0,-0.7530867586318419,,,,,,
64,spore_genes__wt_3h,-0.004824610258364041,0.7254089725463005,3.0,182.0,-0.8371161898679943,183.0,0.3295518556293531,184.0,0.4930905034635491,,,,,,
65,spore_genes__delyizD_3h,0.39907588315376746,0.14368796186100638,3.0,185.0,0.5602529091117003,187.0,0.2843889081671547,188.0,0.3525858321824473,,,,,,
66,spore_genes__delykzB_3h,0.5147452715151236,0.3921977691740476,3.0,189.0,0.6324227006994598,190.0,0.07718092121747057,191.0,0.8346321926284404,,,,,,
67,spore_genes__delyphF_3h,-0.07943168976333574,0.4924448384443903,3.0,192.0,-0.21449934888954306,193.0,0.4664529153862058,194.0,-0.49024863578667,,,,,,
68,spore_genes__delygaB_3h,0.730995977155386,0.20089612172666205,3.0,195.0,0.5015876643352386,196.0,0.8755014964801631,198.0,0.8158987706507563,,,,,,
69,spore_genes__delyizD_0h,0.060501126427666994,0.9445515234726417,3.0,199.0,0.4386658990245169,200.0,0.7573764897254449,201.0,-1.0145390094669609,,,,,,
70,spore_genes__delykzB_0h,-0.509839699680405,0.3745539482759276,3.0,202.0,-0.3775376675204645,203.0,-0.932589635253759,204.0,-0.2193917962669916,,,,,,
71,swarming__comIQ12L,3.1456319031046104e-16,0.4034959815963355,3.0,205.0,-0.46111758311352297,206.0,0.17279255512017633,207.0,0.2883250279933476,,,,,,
72,swarming__comIQ12L_delefp,0.6144336392573874,0.26956346412943405,3.0,208.0,0.32480573454678696,209.0,0.8579958513602457,210.0,0.6604993318651293,,,,,,
73,swarming__comIQ12L_delefp_fliYS164A,0.6126190265823048,0.5800293585931238,3.0,211.0,1.1584370074105856,212.0,0.003561102385303272,213.0,0.6758589699510256,,,,,,
74,swarming__comIQ12L_delefp_nusGN21S,0.5873792670835104,0.06659905395572739,3.0,214.0,0.5547121572243089,215.0,0.5434212061956276,216.0,0.6640044378305947,,,,,,
75,synant49__ctrl,-4.440892098500626e-16,0.32019168327774516,3.0,217.0,0.17176385757045898,218.0,0.19765924452937345,219.0,-0.36942310209983376,,,,,,
76,synant49__synant49,0.014654114370879897,0.6150008512042325,3.0,220.0,0.5896928822646399,221.0,0.0880001603924998,222.0,-0.6337306995445,,,,,,
77,tasA__wt_72h,1.099482218073057,0.13176643115395922,2.0,223.0,1.006309281071342,224.0,1.192655155074772,,,,,,,,
78,tasA__deltasA_72h,0.6170154444074742,0.2533102757565049,2.0,225.0,0.7961328581391331,226.0,0.43789803067581534,,,,,,,,
79,tasA__wt_24h,1.0408340855860843e-16,0.17577977821927188,2.0,227.0,-0.12429507317431444,228.0,0.12429507317431465,,,,,,,,
80,tasA__wt_48h,0.30864493156018913,0.018428623827958596,2.0,229.0,0.2956139266835036,230.0,0.32167593643687464,,,,,,,,
81,tasA__deltasA_24h,0.7151381251492166,0.07555748148476192,2.0,231.0,0.7685653326764688,232.0,0.6617109176219644,,,,,,,,
82,tasA__deltasA_48h,0.1917202664161366,0.42803603299450077,2.0,233.0,-0.1109469151064637,234.0,0.4943874479387369,,,,,,,,
83,yacP__wt,-1.850371707708594e-17,0.4031981742968283,3.0,235.0,-0.4605950823007001,239.0,0.2891014132728897,243.0,0.17149366902781038,,,,,,
84,yacP__delyacP,-0.31590308203117834,0.1379266592223869,3.0,236.0,-0.3667907838384372,240.0,-0.4211558059787288,244.0,-0.15976265627636901,,,,,,
85,yacP__yacP_induced,0.24409982996027266,0.09797737657707856,3.0,237.0,0.3331399609043464,241.0,0.13913592582767986,245.0,0.2600236031487917,,,,,,
86,yacP__yacP_no_induce,0.566789125273491,0.6063839212989145,3.0,238.0,0.8119756688490964,242.0,1.012187164288005,246.0,-0.12379545731662844,,,,,,
87,yonO__wt,7.401486830834377e-17,0.11855089701459166,3.0,247.0,-0.13537407121786638,248.0,0.05008843298289123,249.0,0.08528563823497537,,,,,,
88,yonO__wt_mmc,-0.773267571094984,0.4689821566783415,3.0,250.0,-1.0693580295032254,251.0,-1.0178953529476034,252.0,-0.23254933083412355,,,,,,
89,yonO__delyonO,-0.1299462602154541,0.5152923658297228,3.0,253.0,0.4585882525216616,254.0,-0.5000196361942209,255.0,-0.3484073969738031,,,,,,
90,yonO__delyonO_mmc,-0.8300939600363013,0.3626363657066111,3.0,256.0,-0.5917761483994406,257.0,-1.2474283162616395,258.0,-0.6510774154478238,,,,,,
91,yydF__ctrl,1.6653345369377348e-16,0.27411854850520345,3.0,259.0,0.06232029107462723,260.0,0.23759274212136816,261.0,-0.2999130331959949,,,,,,
92,yydF__yydF,0.046102048079643985,0.1438493971149562,3.0,262.0,0.1939216097723162,263.0,0.03780234219193046,264.0,-0.09341780772531473,,,,,,
