,condition,A_avg,A_std,n,rep1_idx,rep1_A,rep2_idx,rep2_A,rep3_idx,rep3_A,rep4_idx,rep4_A,rep5_idx,rep5_A,rep6_idx,rep6_A
0,amb__ctrl,3.019806626980426e-14,7.819244479715517,3.0,0.0,7.814905080848603,1.0,0.008671585105599,2.0,-7.8235766659541115,,,,,,
1,amb__amb,-2.945833943336048,9.578101895682728,3.0,3.0,8.113350090460273,4.0,-8.37115561905566,5.0,-8.579696301412756,,,,,,
2,ave1__ctrl_5m,1.790234627208065e-14,0.45974648493865994,2.0,6.0,-0.3250898571267875,13.0,0.3250898571268233,,,,,,,,
3,ave1__vdave1_5m,9.144452991314889,1.9883745695835446,2.0,7.0,10.550446133006297,14.0,7.738459849623482,,,,,,,,
4,ave1__ctrl_20m,10.002645767179882,0.27733480907534785,2.0,8.0,9.806540443023627,15.0,10.198751091336137,,,,,,,,
5,ave1__vdave1_20m,11.0112913161296,0.013535255141660521,2.0,9.0,11.001720445433842,16.0,11.020862186825358,,,,,,,,
6,ave1__supernatant_5m,0.6153806337091972,2.257257839378782,2.0,10.0,-0.9807416914020344,17.0,2.2115029588204287,,,,,,,,
7,ave1__vnave1_20m,9.047967312954263,0.7508323879478189,2.0,11.0,8.517048639901871,18.0,9.578885986006654,,,,,,,,
8,ave1__supernatant_20m,8.796696490218617,0.4595701585699458,2.0,12.0,8.471731314662831,19.0,9.121661665774402,,,,,,,,
9,biofilm_time__8h,4.11823353196894e-15,0.3694025735850507,4.0,20.0,0.4638417112817315,21.0,-0.4127224354975377,22.0,-0.13181228973580178,23.0,0.08069301395162441,,,,
10,biofilm_time__12h,-3.1923466657641093,0.35557754908052325,4.0,24.0,-3.5654438497885,25.0,-3.3337851998243733,26.0,-3.144514130860097,27.0,-2.7256434825834654,,,,
11,biofilm_time__16h,-4.037427376282097,0.9005419504707424,4.0,28.0,-3.2540623509701367,29.0,-3.27322582071333,30.0,-4.948654240831584,31.0,-4.673767092613339,,,,
12,biofilm_time__20h,-1.9777891715335518,0.711497426751355,4.0,32.0,-2.5520373418011606,33.0,-1.134730745975664,34.0,-2.582326098883277,35.0,-1.6420624994741055,,,,
13,biofilm_time__24h,-1.9946110301233106,1.0827979113254012,4.0,36.0,-2.4818498953124357,37.0,-0.5681749572205941,38.0,-1.8301013344781447,39.0,-3.0983179334820683,,,,
14,biofilm_time__28h,-6.46167718841739,1.9458712587535703,4.0,40.0,-6.474707327092368,41.0,-5.8897737981629765,42.0,-9.073047768992893,43.0,-4.4091798594213225,,,,
15,biofilm_time__32h,-6.556119179336994,1.0263229087683798,4.0,44.0,-5.028444344809465,45.0,-7.225239617887814,46.0,-7.055915000495904,47.0,-6.914877754154795,,,,
16,codY__wt,-5.551115123125783e-16,0.6914188478938842,2.0,48.0,0.488906955985955,49.0,-0.4889069559859561,,,,,,,,
17,codY__ctrl,-3.36717591405504,0.0021710398620651238,2.0,50.0,-3.368711071063733,51.0,-3.365640757046348,,,,,,,,
18,codY__codYR61K,-2.0085913168198584,0.7500239249268249,2.0,52.0,-1.4782443134519505,53.0,-2.5389383201877664,,,,,,,,
19,codY__codYR61H,-2.939067623536837,0.2654251137750422,2.0,54.0,-2.7513837256892937,55.0,-3.12675152138438,,,,,,,,
20,codY__codYF71Y,-1.7379009755895178,0.5900156095042519,2.0,56.0,-2.1551050140758883,57.0,-1.3206969371031472,,,,,,,,
21,decay__wt,-1.7689553525694162e-14,1.4081454718754578,3.0,58.0,-0.7667336518436463,59.0,-0.8583913229587555,60.0,1.6251249748023489,,,,,,
22,decay__delpnpA,-11.340071609962678,0.3156901259204156,3.0,61.0,-11.084163449101538,62.0,-11.692844540819873,63.0,-11.24320683996662,,,,,,
23,ecm_tasA__deltasA,0.4198198333435406,1.5656761813787932,3.0,64.0,0.3698041902737246,65.0,-1.1202492542615188,66.0,2.009904564018416,,,,,,
24,ecm_tasA__delcssRS,-0.6323569865857878,1.0983070602778429,3.0,67.0,0.6231651862399076,68.0,-1.1051133833488027,69.0,-1.415122762648468,,,,,,
25,ecm_tasA__wt,2.275957200481571e-15,0.3221995930706587,2.0,70.0,0.2278295171558112,71.0,-0.22782951715580665,,,,,,,,
26,heatshock__wt_37C,4.736951571734001e-15,1.1588446934948797,3.0,72.0,1.2494080186784,73.0,-0.2097874806399416,74.0,-1.0396205380384442,,,,,,
27,heatshock__wt_48C,5.217943309616776,0.30275673642902384,3.0,75.0,4.95195682267408,76.0,5.547405464181115,77.0,5.154467641995133,,,,,,
28,heatshock__wt_53C,9.748780957551446,0.3402647015701502,2.0,78.0,9.508177479672776,79.0,9.989384435430116,,,,,,,,
29,heatshock__wt_48_53C,8.306050832531035,0.1945954168943007,3.0,80.0,8.511165753522805,81.0,8.282949511924855,82.0,8.124037232145449,,,,,,
30,heatshock__delrelA_37C,0.2757357202291524,0.45604612069377765,2.0,83.0,0.5982090247055413,84.0,-0.04673758424723645,,,,,,,,
31,heatshock__delrelA_48C,3.661601128130028,0.7638598124845084,3.0,85.0,3.9781946204924576,86.0,4.216261767473494,87.0,2.790346996424132,,,,,,
32,heatshock__ppGpp_null_37C,4.518418361927632,3.559162730258235,3.0,88.0,6.093563306072067,89.0,0.4434718399241602,90.0,7.01821993978667,,,,,,
33,heatshock__ppGpp_null_48C,5.451761588814667,0.8895524248050241,3.0,91.0,6.426705763259746,92.0,4.6842602013158885,93.0,5.244318801868365,,,,,,
34,ldar__yfiJKplus,-13.211547861612075,0.4918080845764852,2.0,94.0,-13.559308693258474,95.0,-12.863787029965675,,,,,,,,
35,ldar__yfiJ_A152E,-13.12895619524878,0.4755825159167162,2.0,96.0,-13.465243817267249,97.0,-12.79266857323031,,,,,,,,
36,ldar__wt,-1.4349632593280148e-14,0.0547744387872206,3.0,98.0,-0.059403723200224086,99.0,0.010896612414833109,100.0,0.04850711078534793,,,,,,
37,mk7__shake,5.662137425588298e-15,1.7530088066508207,4.0,101.0,1.4220389005753526,102.0,1.6083208037320684,103.0,-1.418512335960132,104.0,-1.6118473683472665,,,,
38,mk7__static,-2.5169056077631247,0.5055741426159325,4.0,105.0,-3.016186626517681,106.0,-2.885273219748746,107.0,-2.030964430513813,108.0,-2.1351981542722585,,,,
39,nusA__nusA_induced,-0.6864072084461865,0.7778867580730618,6.0,109.0,-0.09695646154489664,110.0,0.2541388588886534,111.0,-0.15299788837654918,112.0,-1.6181067280705352,113.0,-1.2679213852285338,114.0,-1.2365996463452575
40,nusA__no_nusA,1.96139401017111e-15,0.4310941277514273,6.0,115.0,0.4658236404941751,116.0,0.10308046872804066,117.0,0.4675862731283212,118.0,-0.29458093325196405,119.0,-0.6168854296756272,120.0,-0.12502401942293395
41,pamR__wt_exp,-1.7763568394002505e-15,3.1485075792736623,2.0,121.0,-2.22633105992165,122.0,2.2263310599216464,,,,,,,,
42,pamR__delydhC_exp,-2.9207503274652393,2.6110739792367266,3.0,123.0,-4.4338546603478015,124.0,0.09425125913273937,125.0,-4.422647581180656,,,,,,
43,pamR__wt_stat,-3.0465270215627416,2.7528522425620596,3.0,126.0,-5.854090277052251,127.0,-0.3518593050410487,128.0,-2.9336314825949246,,,,,,
44,pamR__delydhC_stat,-5.198862441682026,0.1832792287282082,2.0,129.0,-5.06926445619767,130.0,-5.328460427166383,,,,,,,,
45,rho_strains__ncib3610,5.440092820663267e-15,2.446674563254478,2.0,131.0,-1.7300601750338702,132.0,1.730060175033881,,,,,,,,
46,rho_strains__ncib3610_delrho,-13.032400511636714,0.4365000585554308,2.0,133.0,-13.341052663029584,134.0,-12.723748360243844,,,,,,,,
47,rnase_j1__delrnjA,12.541953966106073,4.19338648232262,3.0,135.0,17.36618468433133,136.0,10.4898228748788,137.0,9.769854339108091,,,,,,
48,rnase_j1__wt,2.9605947323337506e-16,2.056757761829605,3.0,138.0,-2.3309740943519586,139.0,0.7715678683570569,140.0,1.5594062259949024,,,,,,
49,sigI__delrsgI_37C,-1.401528108989803,6.273796040034032,3.0,141.0,5.837366175458003,142.0,-4.777410258063295,143.0,-5.264540244364118,,,,,,
50,sigI__delrsgI_52C,-14.347257310922759,0.285537030434089,3.0,144.0,-14.372041697050236,145.0,-14.619594281104254,146.0,-14.050135954613786,,,,,,
51,sigI__delrsgI_sigI_37C,-0.9085521504815848,8.110325280244016,3.0,147.0,7.124589677213261,148.0,-0.7563282224748521,149.0,-9.093917906183163,,,,,,
52,sigI__delrsgI_sigI_52C,-14.892114245775318,1.376670570540058,3.0,150.0,-13.308058423377886,151.0,-15.799455744368082,152.0,-15.568828569579988,,,,,,
53,sigI__wt_37C,6.5133084111342514e-15,4.994922337002211,3.0,153.0,4.6231340726612,154.0,0.6749397294968328,155.0,-5.298073802158013,,,,,,
54,sigI__wt_52C,-15.105395890167737,0.6985185193985811,3.0,156.0,-15.411210301422887,157.0,-15.598852576898244,158.0,-14.306124792182086,,,,,,
55,spbeta__spbeta_nopep_20m,-0.844748867715326,2.0724177281833427,2.0,159.0,-2.3101694967649866,161.0,0.6206717613343347,,,,,,,,
56,spbeta__spbeta_pep_20m,-0.14272085714120675,0.07797168749135813,2.0,160.0,-0.08758654817550912,162.0,-0.1978551661069044,,,,,,,,
57,spbeta__phi3T_pep_10m,-2.812564995717063e-15,3.2072547338262223,3.0,163.0,-3.3903449615531915,167.0,0.4045704085235317,171.0,2.9857745530296516,,,,,,
58,spbeta__phi3T_pep_20m,-4.130426683488646,1.2177388576740127,3.0,164.0,-5.497391439733233,168.0,-3.7323272794171727,172.0,-3.161561331315532,,,,,,
59,spbeta__phi3T_nopep_10m,-0.3497437737487217,3.745171074082203,3.0,165.0,-4.094191647031407,169.0,-0.3511897566352628,173.0,3.396150082420504,,,,,,
60,spbeta__phi3T_nopep_20m,-4.707557553939363,1.1923905583187728,3.0,166.0,-6.056420875816554,170.0,-4.272335106323703,174.0,-3.7939166796778325,,,,,,
61,spore_genes__wt_0h,-3.6267285471088444e-15,2.695141409483643,3.0,175.0,3.1120697519413434,186.0,-1.5633568567322007,197.0,-1.5487128952091536,,,,,,
62,spore_genes__delyphF_0h,-0.5047702176572247,2.220244857821083,3.0,176.0,0.0661709769499324,177.0,1.3742468479530734,178.0,-2.95472847787468,,,,,,
63,spore_genes__delygaB_0h,-21.10500533992689,0.27872490088958024,3.0,179.0,-21.005169951059123,180.0,-21.41989896104681,181.0,-20.88994710767474,,,,,,
64,spore_genes__wt_3h,-26.913787670287945,0.6318993616624922,3.0,182.0,-26.484006234970625,183.0,-26.618029054585733,184.0,-27.639327721307478,,,,,,
65,spore_genes__delyizD_3h,-27.119629663941325,0.4776520494079797,3.0,185.0,-26.736771367856303,187.0,-27.65488452967057,188.0,-26.967233094297104,,,,,,
66,spore_genes__delykzB_3h,-27.581349783424837,0.303272152562704,3.0,189.0,-27.930546140031403,190.0,-27.429564472533198,191.0,-27.38393873770991,,,,,,
67,spore_genes__delyphF_3h,-26.68492482123653,0.6897800243536502,3.0,192.0,-26.01619042949897,193.0,-26.64460252302005,194.0,-27.39398151119057,,,,,,
68,spore_genes__delygaB_3h,-27.233783684215922,0.18528927709761034,3.0,195.0,-27.10865131646045,196.0,-27.446644692064037,198.0,-27.146055044123283,,,,,,
69,spore_genes__delyizD_0h,-0.06916751342251144,1.7642402497675091,3.0,199.0,1.8584948066151559,200.0,-0.4623568034125403,201.0,-1.60364054347015,,,,,,
70,spore_genes__delykzB_0h,-4.81932752770446,3.8085810098202435,3.0,202.0,-7.2171383079973666,203.0,-0.4277481947951812,204.0,-6.8130960803208325,,,,,,
71,swarming__comIQ12L,9.473903143468002e-15,3.7104881570468438,3.0,205.0,-2.9855238032222404,206.0,-1.1685738680503897,207.0,4.154097671272659,,,,,,
72,swarming__comIQ12L_delefp,-3.2371136162262566,1.5646219466341456,3.0,208.0,-4.279604244508074,209.0,-3.9937383280847283,210.0,-1.4379982760859664,,,,,,
73,swarming__comIQ12L_delefp_fliYS164A,-3.176113637290674,1.6142167465747739,3.0,211.0,-3.3553239463902456,212.0,-4.693246934934267,213.0,-1.4797700305475094,,,,,,
74,swarming__comIQ12L_delefp_nusGN21S,-2.2156427195938124,1.7618702878772214,3.0,214.0,-3.3096583206541186,215.0,-3.154075698691732,216.0,-0.1831941394355868,,,,,,
75,synant49__ctrl,-6.809367884367627e-15,7.819330319161407,3.0,217.0,7.815000080154629,218.0,0.008653295856307142,219.0,-7.823653376010957,,,,,,
76,synant49__synant49,1.9607803974413276,1.5951634085120527,3.0,220.0,0.2424229743606077,221.0,2.2455184029350743,222.0,3.394399815028301,,,,,,
77,tasA__wt_72h,-12.888546271362241,3.4293066779354033,2.0,223.0,-10.463660264625805,224.0,-15.313432278098675,,,,,,,,
78,tasA__deltasA_72h,-4.484660527856223,0.5466364020893811,2.0,225.0,-4.87119083461704,226.0,-4.0981302210954045,,,,,,,,
79,tasA__wt_24h,-1.049160758270773e-14,1.1335268195354518,2.0,227.0,-0.8015245007503483,228.0,0.8015245007503273,,,,,,,,
80,tasA__wt_48h,0.19433688883623607,0.313680865687908,2.0,229.0,-0.02746897842015029,230.0,0.4161427560926224,,,,,,,,
81,tasA__deltasA_24h,1.5361284380462712,1.1193796482418807,2.0,231.0,0.7446074980522251,232.0,2.3276493780403174,,,,,,,,
82,tasA__deltasA_48h,-0.3278639906969649,0.8389309684270492,2.0,233.0,0.26534978602519904,234.0,-0.9210777674191288,,,,,,,,
83,yacP__wt,2.3638498565977293e-15,0.11156765752299298,3.0,235.0,0.11960131249014105,239.0,-0.018339991234179887,243.0,-0.10126132125595408,,,,,,
84,yacP__delyacP,-1.6464240827194623,0.8959379869252208,3.0,236.0,-0.6712194421171909,240.0,-1.8349665292052308,244.0,-2.4330862768359647,,,,,,
85,yacP__yacP_induced,2.6227865714402143,0.8626806036959626,3.0,237.0,3.576305471035929,241.0,1.89638917364854,245.0,2.3956650696361748,,,,,,
86,yacP__yacP_no_induce,1.7379746039927577,1.3340354936366954,3.0,238.0,3.1571320923176223,242.0,1.5471874516869195,246.0,0.5096042679737318,,,,,,
87,yonO__wt,-1.3766765505351941e-14,1.7927367281563322,3.0,247.0,-2.06911000164906,248.0,0.9798482618649932,249.0,1.0892617397840252,,,,,,
88,yonO__wt_mmc,-15.69274791654192,1.9077838450458893,3.0,250.0,-13.495312540884706,251.0,-16.925992652861723,252.0,-16.656938555879336,,,,,,
89,yonO__delyonO,-5.9205510823937715,13.329935039768332,3.0,253.0,1.9921506885044664,254.0,1.5567777188573382,255.0,-21.31058165454312,,,,,,
90,yonO__delyonO_mmc,-17.85970763237829,0.3575740606818719,3.0,256.0,-18.257022657902276,257.0,-17.563762984073215,258.0,-17.758337255159372,,,,,,
91,yydF__ctrl,-3.92278802034222e-15,1.2428956406706373,3.0,259.0,-1.2392654643683805,260.0,-0.007228819688275003,261.0,1.2464942840566438,,,,,,
92,yydF__yydF,-1.2368247123810543,0.5168479121679876,3.0,262.0,-1.5043509175267955,263.0,-1.5650724987303468,264.0,-0.6410507208860211,,,,,,
