,condition,X_avg,X_std,n,rep1_idx,rep1_X,rep2_idx,rep2_X,rep3_idx,rep3_X,rep4_idx,rep4_X,rep5_idx,rep5_X,rep6_idx,rep6_X
0,amb__ctrl,-5.874930171974787e-16,0.13767223614022006,3.0,0.0,0.04008455198481453,1.0,-0.15326602058390734,2.0,0.11318146859909105,,,,,,
1,amb__amb,-0.10666951240000315,0.20892715153637498,3.0,3.0,0.13219922237404536,4.0,-0.25537588535014777,5.0,-0.19683187422390705,,,,,,
2,ave1__ctrl_5m,0.0,0.02364233497518553,2.0,6.0,0.016717655384037574,13.0,-0.016717655384037574,,,,,,,,
3,ave1__vdave1_5m,-0.1245440922485257,0.16738270895954457,2.0,7.0,-0.24290154080719395,14.0,-0.006186643689857441,,,,,,,,
4,ave1__ctrl_20m,-0.08735320706663807,0.2061187820442375,2.0,8.0,0.05839478144675425,15.0,-0.2331011955800304,,,,,,,,
5,ave1__vdave1_20m,-0.30516552226065574,0.05284576186955312,2.0,9.0,-0.26779792568572525,16.0,-0.34253311883558624,,,,,,,,
6,ave1__supernatant_5m,-0.16454011103129185,0.0535591278166757,2.0,10.0,-0.20241213350490028,17.0,-0.1266680885576834,,,,,,,,
7,ave1__vnave1_20m,-0.1769753753802781,0.11843762071518471,2.0,11.0,-0.09322733062497067,18.0,-0.2607234201355855,,,,,,,,
8,ave1__supernatant_20m,-0.20218736233810408,0.0014517367121945673,2.0,12.0,-0.20321389521179434,19.0,-0.20116082946441385,,,,,,,,
9,biofilm_time__8h,4.440892098500626e-16,0.08725940353830601,4.0,20.0,-0.001941699861888857,21.0,-0.083489247121733,22.0,0.12087928411736915,23.0,-0.03544833713374551,,,,
10,biofilm_time__12h,-0.5277185329097773,0.08783069680040895,4.0,24.0,-0.400965972301063,25.0,-0.5892997692732118,26.0,-0.5362149561851703,27.0,-0.5843934338796641,,,,
11,biofilm_time__16h,-0.07446693582853145,0.27409388557093317,4.0,28.0,-0.19592178957153014,29.0,-0.4032861322118961,30.0,0.12684081306455752,31.0,0.17449936540474287,,,,
12,biofilm_time__20h,0.1439338458503472,0.6059639719440425,4.0,32.0,0.5596809038250372,33.0,-0.4284959381743825,34.0,0.7648527580368469,35.0,-0.3203023402861129,,,,
13,biofilm_time__24h,-0.4002389357891676,0.22681810201441047,4.0,36.0,-0.06465753314364431,37.0,-0.5648829628182179,38.0,-0.4838331136540504,39.0,-0.4875821335407578,,,,
14,biofilm_time__28h,0.289287300550413,1.0761202915936754,4.0,40.0,1.6593257039333975,41.0,-0.4659314193483128,42.0,-0.6653251689326201,43.0,0.6290800865491875,,,,
15,biofilm_time__32h,0.5258454818519123,0.7062887346443402,4.0,44.0,-0.4112387447862149,45.0,0.6437302222198236,46.0,1.3021629441377518,47.0,0.5687275058362884,,,,
16,codY__wt,2.220446049250313e-16,0.8681298444827287,2.0,48.0,0.6138604999841606,49.0,-0.6138604999841601,,,,,,,,
17,codY__ctrl,0.1514654245579232,0.9074015049574682,2.0,50.0,0.7930951819722276,51.0,-0.4901643328563812,,,,,,,,
18,codY__codYR61K,0.15535599294154867,0.7085057453108431,2.0,52.0,0.6563452099604747,53.0,-0.3456332240773774,,,,,,,,
19,codY__codYR61H,0.06704908924141506,0.8246179972258876,2.0,54.0,0.6501420669683098,55.0,-0.5160438884854797,,,,,,,,
20,codY__codYF71Y,-0.49593056602556196,0.009232755150327766,2.0,56.0,-0.5024591098013937,57.0,-0.4894020222497302,,,,,,,,
21,decay__wt,1.4802973661668753e-16,0.1357936669904462,3.0,58.0,-0.06086879944133105,59.0,0.1555789638680567,60.0,-0.0947101644267252,,,,,,
22,decay__delpnpA,0.0824070237491276,0.16562596236995822,3.0,61.0,0.2675916236353926,62.0,-0.05156108294985895,63.0,0.03119053056184917,,,,,,
23,ecm_tasA__deltasA,0.08650842085318337,0.09737039090325449,3.0,64.0,0.006202132588430054,65.0,0.1948096982945975,66.0,0.058513431676522565,,,,,,
24,ecm_tasA__delcssRS,-0.00774989250824909,0.06814689271541453,3.0,67.0,0.0658209659381761,68.0,-0.020358978390123458,69.0,-0.06871166507279991,,,,,,
25,ecm_tasA__wt,4.440892098500626e-16,0.10500335802080207,2.0,70.0,-0.07424858650386756,71.0,0.07424858650386845,,,,,,,,
26,heatshock__wt_37C,0.0,0.2804621517154855,3.0,72.0,0.2578828098743928,73.0,0.0407092974584784,74.0,-0.2985921073328712,,,,,,
27,heatshock__wt_48C,0.8973166617255816,0.28737224533500877,3.0,75.0,0.728133100646545,76.0,1.2291239340619255,77.0,0.7346929504682742,,,,,,
28,heatshock__wt_53C,-1.0907083460832518,0.08059321804876579,2.0,78.0,-1.1476963570831802,79.0,-1.0337203350833235,,,,,,,,
29,heatshock__wt_48_53C,0.7342732382426882,0.45719463802782,3.0,80.0,0.2171793921759475,81.0,0.9006930598817413,82.0,1.0849472626703758,,,,,,
30,heatshock__delrelA_37C,1.7144149358971585,0.29160016533242383,2.0,83.0,1.9206073901988339,84.0,1.5082224815954832,,,,,,,,
31,heatshock__delrelA_48C,1.7411577951023884,0.1437100153050507,3.0,85.0,1.64128317064425,86.0,1.676328548434768,87.0,1.905861666228147,,,,,,
32,heatshock__ppGpp_null_37C,0.3239561624286254,0.04915956982865929,3.0,88.0,0.3704014572884615,89.0,0.2724706551862965,90.0,0.3289963748111182,,,,,,
33,heatshock__ppGpp_null_48C,0.8557233773846494,0.24261377973637763,3.0,91.0,0.593273427028151,92.0,1.071809791310867,93.0,0.90208691381493,,,,,,
34,ldar__yfiJKplus,-0.6749765717612457,0.13781042903320215,2.0,94.0,-0.7724232606488504,95.0,-0.5775298828736409,,,,,,,,
35,ldar__yfiJ_A152E,-0.4390068097750126,0.44439194319242087,2.0,96.0,-0.12477425323898485,97.0,-0.7532393663110404,,,,,,,,
36,ldar__wt,-2.9374650859873935e-16,0.036618343645894155,3.0,98.0,0.0400688903492572,99.0,-0.008339740774637505,100.0,-0.03172914957462058,,,,,,
37,mk7__shake,-5.551115123125783e-17,0.6020979361121402,4.0,101.0,0.186807287825722,102.0,0.1897310937801001,103.0,0.4994009142869261,104.0,-0.8759392958927484,,,,
38,mk7__static,2.625670882618691,0.5871841715383036,4.0,105.0,3.1299615645434904,106.0,3.108056160168901,107.0,2.3063822946339783,108.0,1.958283511128394,,,,
39,nusA__nusA_induced,-1.1266056637509831,0.2691471056215809,6.0,109.0,-1.1793187817196298,110.0,-1.0308516661797071,111.0,-0.717037423107926,112.0,-1.0149601556406598,113.0,-1.482390344940934,114.0,-1.335075610917042
40,nusA__no_nusA,-7.308968245448947e-16,0.17737852541464366,6.0,115.0,0.01830224195741259,116.0,0.2950103823013928,117.0,-0.07757641747045962,118.0,0.09500539529192498,119.0,-0.17562943909900852,120.0,-0.15511216298126662
41,pamR__wt_exp,2.2898349882893854e-16,0.1468602844315914,2.0,121.0,0.10384590300856368,122.0,-0.10384590300856322,,,,,,,,
42,pamR__delydhC_exp,0.29062558850252096,0.4833925198976575,3.0,123.0,0.2870708953380552,124.0,-0.19097978224219725,125.0,0.7757856524117049,,,,,,
43,pamR__wt_stat,0.5304907957833055,0.8170526743022276,3.0,126.0,1.3396252900440675,127.0,0.546103391377986,128.0,-0.2942562940721372,,,,,,
44,pamR__delydhC_stat,-0.8334297906768163,0.8912434807542629,2.0,129.0,-0.2032254817471748,130.0,-1.4636340996064579,,,,,,,,
45,rho_strains__ncib3610,-4.440892098500626e-16,0.05685888481872897,2.0,131.0,0.04020530302602765,132.0,-0.04020530302602854,,,,,,,,
46,rho_strains__ncib3610_delrho,-0.15833929765557286,0.1565540376925515,2.0,133.0,-0.04763887598103533,134.0,-0.2690397193301104,,,,,,,,
47,rnase_j1__delrnjA,1.3217619705044468,0.39327050755136106,3.0,135.0,1.6713316063604529,136.0,1.3980000486941675,137.0,0.8959542564587197,,,,,,
48,rnase_j1__wt,-2.914335439641036e-16,0.09056312359667715,3.0,138.0,-0.02857719557231597,139.0,0.10140453935544347,140.0,-0.07282734378312837,,,,,,
49,sigI__delrsgI_37C,0.15489431504106577,0.5397557280605926,3.0,141.0,-0.30022472031615743,142.0,0.7512169595583749,143.0,0.01369070588097987,,,,,,
50,sigI__delrsgI_52C,0.07345953209286711,0.5302234627509821,3.0,144.0,0.27790160055356017,145.0,0.4710279544682767,146.0,-0.5285509587432355,,,,,,
51,sigI__delrsgI_sigI_37C,0.21188260597835326,0.34913405292073807,3.0,147.0,0.1422429168935131,148.0,0.5905880742199705,149.0,-0.09718317317842384,,,,,,
52,sigI__delrsgI_sigI_52C,0.4043626064178034,0.4929808505531623,3.0,150.0,0.8079582163804147,151.0,-0.14508884333988048,152.0,0.5502184462128761,,,,,,
53,sigI__wt_37C,-1.4802973661668753e-16,0.4640441330961661,3.0,153.0,-0.1529348011826306,154.0,-0.3682742855607639,155.0,0.5212090867433941,,,,,,
54,sigI__wt_52C,0.13681880497157387,0.4629862489407214,3.0,156.0,0.006974270159362472,157.0,-0.2473820335662809,158.0,0.65086417832164,,,,,,
55,spbeta__spbeta_nopep_20m,-0.7213732508463955,0.4278254807121623,2.0,159.0,-1.02389154942236,161.0,-0.418854952270431,,,,,,,,
56,spbeta__spbeta_pep_20m,-0.7730002025656852,0.4364217657419152,2.0,160.0,-1.0815969925792004,162.0,-0.4644034125521701,,,,,,,,
57,spbeta__phi3T_pep_10m,5.921189464667501e-16,0.21306651541744007,3.0,163.0,-0.21801646369766825,167.0,0.010271429390468434,171.0,0.2077450343072016,,,,,,
58,spbeta__phi3T_pep_20m,-0.29944986895781245,0.06346572254984566,3.0,164.0,-0.32158763510873545,168.0,-0.34888170836695664,172.0,-0.22788026339774525,,,,,,
59,spbeta__phi3T_nopep_10m,-0.09619814152806978,0.23294188063812485,3.0,165.0,-0.33603595870385305,169.0,-0.08173199888063643,173.0,0.12917353300028012,,,,,,
60,spbeta__phi3T_nopep_20m,-0.35348481919826646,0.3020577929195744,3.0,166.0,-0.641121246612693,170.0,-0.3805111970988753,174.0,-0.038822013883231136,,,,,,
61,spore_genes__wt_0h,2.9605947323337506e-16,0.41823533838139626,3.0,175.0,0.43368921225942136,186.0,-0.032844473933145935,197.0,-0.40084473832627454,,,,,,
62,spore_genes__delyphF_0h,0.009563515085499427,0.012139109893318038,3.0,176.0,0.012339783750191293,177.0,-0.003723242622184486,178.0,0.020074004128491474,,,,,,
63,spore_genes__delygaB_0h,-0.2761817155287732,0.24515272624342294,3.0,179.0,-0.02303771683251954,180.0,-0.5124735678098857,181.0,-0.29303386194391434,,,,,,
64,spore_genes__wt_3h,-1.2110651380920914,0.4798359031492189,3.0,182.0,-1.7651047962652493,183.0,-0.9292980119267048,184.0,-0.9387926060843204,,,,,,
65,spore_genes__delyizD_3h,-0.842953492811585,0.3587802805990269,3.0,185.0,-0.6462105561478468,187.0,-1.2570660772519089,188.0,-0.6255838450349995,,,,,,
66,spore_genes__delykzB_3h,-1.5162987470316265,0.18994161718319508,3.0,189.0,-1.4387308992521066,190.0,-1.3774165805121377,191.0,-1.7327487613306352,,,,,,
67,spore_genes__delyphF_3h,-0.9448021702312172,0.738834833669452,3.0,192.0,-1.2539574641763842,193.0,-0.10160694824865413,194.0,-1.4788420982686132,,,,,,
68,spore_genes__delygaB_3h,-0.5298080162059243,0.09553037342432476,3.0,195.0,-0.5790487543938228,196.0,-0.5906719411292043,198.0,-0.4197033530947461,,,,,,
69,spore_genes__delyizD_0h,0.10195475516852633,0.21082781263043038,3.0,199.0,0.34524832742047984,200.0,-0.012306582142756373,201.0,-0.027077479772144475,,,,,,
70,spore_genes__delykzB_0h,-0.2743478826341715,0.3027801764893671,3.0,202.0,0.037226441516156505,203.0,-0.5674919363188651,204.0,-0.2927781530998059,,,,,,
71,swarming__comIQ12L,1.3877787807814457e-16,0.20630978320283136,3.0,205.0,-0.017321538622455446,206.0,-0.19710292979532573,207.0,0.2144244684177816,,,,,,
72,swarming__comIQ12L_delefp,0.22938059459637636,0.4159957611924453,3.0,208.0,-0.2480753635563473,209.0,0.5137082375797282,210.0,0.4225089097657482,,,,,,
73,swarming__comIQ12L_delefp_fliYS164A,0.007102375735598798,0.15346522269990517,3.0,211.0,-0.15294291432401774,212.0,0.15300903571312707,213.0,0.021241005817687064,,,,,,
74,swarming__comIQ12L_delefp_nusGN21S,0.25805121063082614,0.21935174083013104,3.0,214.0,0.5108019188639603,215.0,0.14592351670622694,216.0,0.11742819632229118,,,,,,
75,synant49__ctrl,-3.006854025026466e-16,0.13767221129106136,3.0,217.0,0.040084642415444634,218.0,-0.15326601971361953,219.0,0.113181377298174,,,,,,
76,synant49__synant49,-0.2842202568540282,0.1614167521578551,3.0,220.0,-0.3912337229520517,221.0,-0.3628742457781344,222.0,-0.0985528018318984,,,,,,
77,tasA__wt_72h,1.0402495460252779,0.35898699417147145,2.0,223.0,0.7864074080888548,224.0,1.294091683961701,,,,,,,,
78,tasA__deltasA_72h,1.3380586560524521,0.09201019423325657,2.0,225.0,1.4031196883330792,226.0,1.272997623771825,,,,,,,,
79,tasA__wt_24h,0.0,0.29865534069972155,2.0,227.0,0.2111812166463518,228.0,-0.2111812166463518,,,,,,,,
80,tasA__wt_48h,0.17394207482986812,0.38824838545858226,2.0,229.0,-0.10059099131262396,230.0,0.4484751409723602,,,,,,,,
81,tasA__deltasA_24h,0.8541901910883789,0.09602298486104695,2.0,231.0,0.7862916873433594,232.0,0.9220886948333984,,,,,,,,
82,tasA__deltasA_48h,1.26963457637961,0.010685802723617108,2.0,233.0,1.2620785728113186,234.0,1.2771905799479013,,,,,,,,
83,yacP__wt,2.9374650859873935e-16,0.04873598526212212,3.0,235.0,0.055553597121114066,239.0,-0.03555784249106608,243.0,-0.019995754630047102,,,,,,
84,yacP__delyacP,0.02877363126365277,0.06406300144761704,3.0,236.0,-0.027693791907705826,240.0,0.09839140674798053,244.0,0.015623278950683606,,,,,,
85,yacP__yacP_induced,-0.23877039675178593,0.1269016324187672,3.0,237.0,-0.2789524984216052,241.0,-0.09664216576428863,245.0,-0.340716526069464,,,,,,
86,yacP__yacP_no_induce,-0.3093539839065638,0.0504311966036214,3.0,238.0,-0.2545186197752356,242.0,-0.3197976351807044,246.0,-0.3537456967637516,,,,,,
87,yonO__wt,2.914335439641036e-16,0.13639048151263575,3.0,247.0,-0.10292869633318792,248.0,0.15469528369762298,249.0,-0.05176658736443418,,,,,,
88,yonO__wt_mmc,-1.950026746485083,0.17516869303583263,3.0,250.0,-1.8755175292308184,251.0,-1.8244306460931896,252.0,-2.150132064131241,,,,,,
89,yonO__delyonO,-0.03050003277572359,0.6168226326553364,3.0,253.0,0.4540487444323426,254.0,0.17930911297588192,255.0,-0.7248579557353954,,,,,,
90,yonO__delyonO_mmc,-1.3054184023685633,0.33060690136603893,3.0,256.0,-1.018506370419559,257.0,-1.2307871934237138,258.0,-1.6669616432624172,,,,,,
91,yydF__ctrl,-3.006854025026466e-16,0.09146900145716351,3.0,259.0,0.005435352184639086,260.0,0.08863012594769781,261.0,-0.0940654781323378,,,,,,
92,yydF__yydF,-0.41964353511527364,0.10170322664253582,3.0,262.0,-0.34549933790565746,263.0,-0.3778453299003983,264.0,-0.5355859375397651,,,,,,
