,condition,A_avg,A_std,n,rep1_idx,rep1_A,rep2_idx,rep2_A,rep3_idx,rep3_A,rep4_idx,rep4_A,rep5_idx,rep5_A,rep6_idx,rep6_A
0,amb__ctrl,2.7015426932545475e-15,1.128858352801065,3.0,0.0,1.3008694255106823,1.0,-0.5788439730094075,2.0,-0.7220254525012667,,,,,,
1,amb__amb,-1.2690887120580387,0.8227858431329487,3.0,3.0,-1.8003589407029181,4.0,-0.32133153990671576,5.0,-1.6855756555644823,,,,,,
2,ave1__ctrl_5m,4.690692279041286e-15,0.13612964593118637,2.0,6.0,0.09625819575847028,13.0,-0.0962581957584609,,,,,,,,
3,ave1__vdave1_5m,-0.6162102242709455,0.00498768258667695,2.0,7.0,-0.6197370484503908,14.0,-0.6126834000915001,,,,,,,,
4,ave1__ctrl_20m,-1.4079887413025851,0.0504823073238475,2.0,8.0,-1.4436851231412209,15.0,-1.3722923594639491,,,,,,,,
5,ave1__vdave1_20m,-1.2729763335657642,0.2901851647452072,2.0,9.0,-1.4781682313568356,16.0,-1.0677844357746926,,,,,,,,
6,ave1__supernatant_5m,-0.3725417339353265,0.03596981258339767,2.0,10.0,-0.3471072355395968,17.0,-0.3979762323310562,,,,,,,,
7,ave1__vnave1_20m,-1.2105123744134754,0.16999710352076622,2.0,11.0,-1.3307184790950806,18.0,-1.09030626973187,,,,,,,,
8,ave1__supernatant_20m,-0.9338061554417969,0.2116400054765939,2.0,12.0,-1.0834582384846545,19.0,-0.7841540723989393,,,,,,,,
9,biofilm_time__8h,9.367506770274758e-16,0.8888312263218389,4.0,20.0,-1.3117668289909956,21.0,0.5328275933122693,22.0,0.5656119216428992,23.0,0.2133273140358309,,,,
10,biofilm_time__12h,22.58784126691725,4.511881332380028,4.0,24.0,16.298203876094675,25.0,22.463392500470125,26.0,25.11446430892209,27.0,26.475304382182102,,,,
11,biofilm_time__16h,9.548774883950285,0.630399211286319,4.0,28.0,8.678813412503539,29.0,9.49663183441166,30.0,10.071142980665895,31.0,9.948511308220047,,,,
12,biofilm_time__20h,4.684526932102579,1.2051984292554812,4.0,32.0,5.444360756237055,33.0,3.7655482412766634,34.0,5.973019739759938,35.0,3.5551789911366605,,,,
13,biofilm_time__24h,4.422084039956019,0.6440516831257628,4.0,36.0,4.659893604136559,37.0,3.6850175685452986,38.0,4.16183083582626,39.0,5.181594151315959,,,,
14,biofilm_time__28h,7.244947557047432,1.2804889781681859,4.0,40.0,8.991432411749695,41.0,7.317601584029242,42.0,6.012241164695539,43.0,6.6585150677152525,,,,
15,biofilm_time__32h,7.603223716279143,0.7896079191489881,4.0,44.0,6.586084069748131,45.0,7.461677186423452,46.0,8.451413126387214,47.0,7.913720482557776,,,,
16,codY__wt,5.662137425588298e-15,0.4373822824674092,2.0,48.0,0.3092759779035607,49.0,-0.3092759779035494,,,,,,,,
17,codY__ctrl,2.434388316023801,0.2705758965443323,2.0,50.0,2.243062264751674,51.0,2.625714367295928,,,,,,,,
18,codY__codYR61K,-0.3710218226252232,0.6464207063591075,2.0,52.0,-0.8281102875911461,53.0,0.08606664234069973,,,,,,,,
19,codY__codYR61H,1.4130770744839611,1.3320568819834082,2.0,54.0,0.4711706203072845,55.0,2.3549835286606378,,,,,,,,
20,codY__codYF71Y,-0.1624827308062385,0.6520189805355069,2.0,56.0,0.29856431179275794,57.0,-0.623529773405235,,,,,,,,
21,decay__wt,3.552713678800501e-15,0.7322454716988739,3.0,58.0,-0.4096199122539697,59.0,-0.43576952874377256,60.0,0.8453894409977529,,,,,,
22,decay__delpnpA,-5.3571368529369705,1.1829849249063207,3.0,61.0,-3.991493569873304,62.0,-6.013178835715718,63.0,-6.0667381532218885,,,,,,
23,ecm_tasA__deltasA,-0.8808812578661017,0.520802820649202,3.0,64.0,-0.6370904601689081,65.0,-1.478865002733365,66.0,-0.5266883106960322,,,,,,
24,ecm_tasA__delcssRS,-2.5898884965641518,0.23338970940964807,3.0,67.0,-2.8460338030840613,68.0,-2.5343619866833325,69.0,-2.389269699925061,,,,,,
25,ecm_tasA__wt,-1.1379786002407855e-15,0.18044929694652953,2.0,70.0,0.12759692153123486,71.0,-0.12759692153123714,,,,,,,,
26,heatshock__wt_37C,3.608224830031759e-15,0.5652957520153926,3.0,72.0,0.6506921943876266,73.0,-0.3701683948693313,74.0,-0.2805237995182845,,,,,,
27,heatshock__wt_48C,-1.5479245340317922,0.3888252936565881,3.0,75.0,-1.1283140586484168,76.0,-1.6194170980506188,77.0,-1.8960424453963407,,,,,,
28,heatshock__wt_53C,5.17573135390024,0.6186187273000675,2.0,78.0,5.613160850943109,79.0,4.73830185685737,,,,,,,,
29,heatshock__wt_48_53C,-1.1832054135456194,0.7980656691248701,3.0,80.0,-1.2992765256611811,81.0,-1.9168796748672363,82.0,-0.3334600401084408,,,,,,
30,heatshock__delrelA_37C,5.295901703585867,0.5527718396810356,2.0,83.0,5.68677041987329,84.0,4.905032987298443,,,,,,,,
31,heatshock__delrelA_48C,3.627659468335283,0.24895961521813076,3.0,85.0,3.652460188929041,86.0,3.367227692280072,87.0,3.863290523796736,,,,,,
32,heatshock__ppGpp_null_37C,-1.875108463011952,0.25268004165744723,3.0,88.0,-1.8013357710660576,89.0,-1.667525187366381,90.0,-2.156464430603417,,,,,,
33,heatshock__ppGpp_null_48C,-1.118291761528833,1.4174466456669972,3.0,91.0,-1.8563346073225253,92.0,0.5158875810136925,93.0,-2.0144282582776665,,,,,,
34,ldar__yfiJKplus,18.603158347931917,3.236630103703448,2.0,94.0,16.31451525341069,95.0,20.891801442453144,,,,,,,,
35,ldar__yfiJ_A152E,20.84888416277953,1.032394979480766,2.0,96.0,21.578897653633327,97.0,20.118870671925734,,,,,,,,
36,ldar__wt,-1.0658141036401503e-14,0.5129207024522796,3.0,98.0,0.23448339718638336,99.0,-0.5882521011716282,100.0,0.3537687039852129,,,,,,
37,mk7__shake,0.0,1.7212480355890911,4.0,101.0,-1.6120273565407677,102.0,-1.3285760872394123,103.0,1.1534709504585672,104.0,1.7871324933216128,,,,
38,mk7__static,14.955193962634702,3.206169020465464,4.0,105.0,12.372455274722595,106.0,11.995160367358196,107.0,17.87667849951016,108.0,17.576481708947856,,,,
39,nusA__nusA_induced,2.605266977457507,0.8389934824420845,6.0,109.0,2.1604520058651566,110.0,2.224588660685322,111.0,1.4470049777191445,112.0,3.8513584982026674,113.0,3.0461582919597348,114.0,2.902039430313014
40,nusA__no_nusA,1.1657341758564144e-15,0.4300879918988481,6.0,115.0,0.13206927043297007,116.0,-0.3703970285862902,117.0,-0.6541237868465803,118.0,0.11036739461805277,119.0,0.2806893374651981,120.0,0.5013948129166566
41,pamR__wt_exp,-1.1657341758564144e-15,0.7990836153130965,2.0,121.0,-0.5650374431229541,122.0,0.5650374431229518,,,,,,,,
42,pamR__delydhC_exp,-1.211086074594764,0.30738672182045396,3.0,123.0,-1.4818927820662138,124.0,-0.8769759214210742,125.0,-1.2743895202970037,,,,,,
43,pamR__wt_stat,17.736920562353017,0.39584046510955545,3.0,126.0,18.041144474697067,127.0,17.28938428052938,128.0,17.880232931832598,,,,,,
44,pamR__delydhC_stat,16.342842794495304,0.2042813302296252,2.0,129.0,16.48729150837048,130.0,16.198394080620126,,,,,,,,
45,rho_strains__ncib3610,-2.8796409701214998e-15,0.012077361115707487,2.0,131.0,-0.008539983943758371,132.0,0.008539983943752612,,,,,,,,
46,rho_strains__ncib3610_delrho,-0.38680823161820316,0.022785946307339093,2.0,133.0,-0.3706961344685311,134.0,-0.4029203287678752,,,,,,,,
47,rnase_j1__delrnjA,3.63149468102595,0.7894715985626815,3.0,135.0,3.9573968390878655,136.0,2.7312470249887943,137.0,4.205840179001188,,,,,,
48,rnase_j1__wt,8.696747026230393e-16,0.24971969874754724,3.0,138.0,-0.2791748708229538,139.0,0.07708966290472664,140.0,0.20208520791822976,,,,,,
49,sigI__delrsgI_37C,0.6635576223262011,1.5708421821019565,3.0,141.0,-0.9337896141992608,142.0,2.206480201316583,143.0,0.7179822798612809,,,,,,
50,sigI__delrsgI_52C,3.8592159970196707,2.425118234842081,3.0,144.0,5.589270149571432,145.0,4.901119156723172,146.0,1.0872586847644097,,,,,,
51,sigI__delrsgI_sigI_37C,0.7981930789710597,0.9983404609427338,3.0,147.0,0.1694085961970996,148.0,1.9493387079355045,149.0,0.2758319327805752,,,,,,
52,sigI__delrsgI_sigI_52C,1.2648517706046334,1.865693868531396,3.0,150.0,1.3826232579477118,151.0,-0.6569378940065755,152.0,3.0688699478727637,,,,,,
53,sigI__wt_37C,-1.1472304587793285e-15,1.3740988090256618,3.0,153.0,-1.5735316203600975,154.0,0.9632487180236676,155.0,0.6102829023364265,,,,,,
54,sigI__wt_52C,4.121091673880191,2.310941471334238,3.0,156.0,4.900813184660287,157.0,1.5211457938506965,158.0,5.941316043129588,,,,,,
55,spbeta__spbeta_nopep_20m,-0.6908635326495487,0.4552876508533442,2.0,159.0,-0.3689265473406558,161.0,-1.0128005179584416,,,,,,,,
56,spbeta__spbeta_pep_20m,-0.9264325033507879,0.8436645808267391,2.0,160.0,-1.5229934495002813,162.0,-0.3298715572012946,,,,,,,,
57,spbeta__phi3T_pep_10m,1.4617936490897894e-15,0.6160777143558719,3.0,163.0,-0.20736984415438373,167.0,0.6930066176963989,171.0,-0.4856367735420108,,,,,,
58,spbeta__phi3T_pep_20m,0.04406384742322959,1.0134374720658421,3.0,164.0,-1.1253228030581344,168.0,0.6669233362671237,172.0,0.5905910090606994,,,,,,
59,spbeta__phi3T_nopep_10m,-0.050373568574131965,0.40047471376480254,3.0,165.0,-0.07538841103532339,169.0,0.3620221990826654,173.0,-0.4377544937697379,,,,,,
60,spbeta__phi3T_nopep_20m,0.09166212989628647,1.4261092651345695,3.0,166.0,-1.4626558567503047,170.0,1.3398405850179531,174.0,0.39780166142121104,,,,,,
61,spore_genes__wt_0h,3.099372610411895e-16,0.9810185766699342,3.0,175.0,-1.0310150298439007,186.0,0.9218982800095554,197.0,0.1091167498343462,,,,,,
62,spore_genes__delyphF_0h,0.31240634041824783,1.2613110337097901,3.0,176.0,-1.0132044603971873,177.0,0.452744012320984,178.0,1.4976794693309468,,,,,,
63,spore_genes__delygaB_0h,10.664517062544101,0.4866651034701715,3.0,179.0,10.134369366673251,180.0,10.768189273691812,181.0,11.090992547267243,,,,,,
64,spore_genes__wt_3h,-3.643378229541005,0.8706703340566179,3.0,182.0,-2.9459571139408416,183.0,-3.3649766193499606,184.0,-4.619200955332213,,,,,,
65,spore_genes__delyizD_3h,-4.1529293937593925,0.47419123047018386,3.0,185.0,-4.484077684843307,187.0,-4.364996519848305,188.0,-3.6097139765865673,,,,,,
66,spore_genes__delykzB_3h,-8.471373742992455,1.4089611277798835,3.0,189.0,-6.865247830150705,190.0,-9.499027713633513,191.0,-9.04984568519315,,,,,,
67,spore_genes__delyphF_3h,-2.649782511962771,0.4938260981252,3.0,192.0,-2.7040527545064448,193.0,-3.114231839967198,194.0,-2.1310629414146702,,,,,,
68,spore_genes__delygaB_3h,-2.603237142417541,0.07368022610722391,3.0,195.0,-2.5844902127292766,196.0,-2.540741349649958,198.0,-2.6844798648733885,,,,,,
69,spore_genes__delyizD_0h,1.001013003434631,1.6189538926253113,3.0,199.0,-0.5491060584646557,200.0,0.8711637672154482,201.0,2.6809813015531003,,,,,,
70,spore_genes__delykzB_0h,0.2851600153067998,0.3202640723418118,3.0,202.0,0.6428003466930038,203.0,0.024859047841526264,204.0,0.1878206513858693,,,,,,
71,swarming__comIQ12L,-9.066821367772111e-16,1.8467364478623014,3.0,205.0,2.009326982683373,206.0,-1.6230398454808697,207.0,-0.3862871372025061,,,,,,
72,swarming__comIQ12L_delefp,3.917889425116454,1.0364006582635161,3.0,208.0,4.725036827004469,209.0,2.7491287351507303,210.0,4.279502713194163,,,,,,
73,swarming__comIQ12L_delefp_fliYS164A,2.1599853150134516,2.1404039435078754,3.0,211.0,4.404479179010738,212.0,0.14162761294061654,213.0,1.9338491530890007,,,,,,
74,swarming__comIQ12L_delefp_nusGN21S,-1.4795897643244353,0.40692388182503303,3.0,214.0,-1.0570898352712956,215.0,-1.868905455654684,216.0,-1.512774002047326,,,,,,
75,synant49__ctrl,-3.0346096006420944e-15,1.1289043896383186,3.0,217.0,1.3009159893046651,218.0,-0.5787759709416658,219.0,-0.7221400183630085,,,,,,
76,synant49__synant49,-0.33213052051794173,0.5426540967004562,3.0,220.0,-0.8876602979283753,221.0,-0.3053904681806104,222.0,0.19665920455516056,,,,,,
77,tasA__wt_72h,-4.882356996121981,0.19063031725770174,2.0,223.0,-5.0171529861546444,224.0,-4.747561006089317,,,,,,,,
78,tasA__deltasA_72h,-0.36946420375767536,0.6147811609270756,2.0,225.0,0.06525172407959792,226.0,-0.8041801315949486,,,,,,,,
79,tasA__wt_24h,-4.6074255521944e-15,1.0987826868500146,2.0,227.0,0.7769566889220154,228.0,-0.7769566889220246,,,,,,,,
80,tasA__wt_48h,-2.8326954546572605,0.9361570004000451,2.0,229.0,-2.170732491419131,230.0,-3.4946584178953897,,,,,,,,
81,tasA__deltasA_24h,-0.012379300858777635,0.12518210939206703,2.0,231.0,0.07613781757558917,232.0,-0.10089641929314444,,,,,,,,
82,tasA__deltasA_48h,-1.425698393684975,0.14924436303768937,2.0,233.0,-1.5312300948427922,234.0,-1.320166692527158,,,,,,,,
83,yacP__wt,-1.6607086076684634e-15,0.05925614351533396,3.0,235.0,0.06336433858255157,239.0,-0.009321243744545592,243.0,-0.05404309483801096,,,,,,
84,yacP__delyacP,0.4688401228546552,0.3414760062331435,3.0,236.0,0.6102903706799442,240.0,0.7168621297142909,244.0,0.07936786816973049,,,,,,
85,yacP__yacP_induced,-1.7176104816511117,0.267165517027933,3.0,237.0,-1.9040599036668613,241.0,-1.8372351851627455,245.0,-1.4115363561237289,,,,,,
86,yacP__yacP_no_induce,-1.689463020696959,0.4397774540604492,3.0,238.0,-1.7208768139655013,242.0,-2.1126913007052663,246.0,-1.2348209474201095,,,,,,
87,yonO__wt,8.25265781638033e-15,1.9496012425046603,3.0,247.0,2.207186927876523,248.0,-1.4872461764713307,249.0,-0.7199407514051673,,,,,,
88,yonO__wt_mmc,1.2985352020752676,0.5954409436440913,3.0,250.0,1.185878499209006,251.0,1.9422571760837912,252.0,0.7674699309330055,,,,,,
89,yonO__delyonO,0.8839290295605657,2.6114578159064816,3.0,253.0,-0.8679463366333156,254.0,-0.3656712075526558,255.0,3.885404632867669,,,,,,
90,yonO__delyonO_mmc,2.570058855469238,2.1734061035963737,3.0,256.0,1.1162368125701116,257.0,1.5253900193240535,258.0,5.0685497345135495,,,,,,
91,yydF__ctrl,-1.3322676295501878e-15,0.37382979647015735,3.0,259.0,0.4144041468402477,260.0,-0.10255686789152432,261.0,-0.3118472789487273,,,,,,
92,yydF__yydF,-0.9648503994770752,0.2702647285159769,3.0,262.0,-0.7813685321991858,263.0,-1.2752093258910404,264.0,-0.8379733403409992,,,,,,
